2023-01-17 13:40:02.130,14931,14932,14932,1,1
2023-01-17 13:40:02.429,14931,14932,14932,4,4
2023-01-17 13:40:02.487,14931,14932,14932,1,1
2023-01-17 13:40:02.514,14931,14932,14932,1,1
2023-01-17 13:40:02.595,14931,14932,14933,1,1
2023-01-17 13:40:02.637,14931,14933,14933,3,3
2023-01-17 13:40:03.111,14931,14933,14931,2,-2
2023-01-17 13:40:03.221,14931,14932,14932,1,1
2023-01-17 13:40:03.230,14931,14932,14932,2,2
2023-01-17 13:40:03.290,14931,14932,14931,3,-3
2023-01-17 13:40:03.835,14931,14932,14932,2,2
2023-01-17 13:40:03.835,14931,14932,14933,1,1
2023-01-17 13:40:06.098,14931,14933,14933,2,2
2023-01-17 13:40:06.705,14931,14933,14932,1,1
2023-01-17 13:40:07.026,14932,14933,14932,2,-2
2023-01-17 13:40:07.026,14932,14933,14932,3,-3
2023-01-17 13:40:08.130,14932,14933,14932,1,-1
2023-01-17 13:40:10.673,14931,14933,14933,3,3
2023-01-17 13:40:10.757,14931,14933,14933,3,3
2023-01-17 13:40:11.845,14931,14933,14933,2,2
2023-01-17 13:40:12.867,14931,14933,14931,1,-1
2023-01-17 13:40:13.029,14931,14933,14931,1,-1
2023-01-17 13:40:15.032,14931,14932,14931,2,-2
2023-01-17 13:40:15.771,14931,14932,14932,1,1
2023-01-17 13:40:17.035,14931,14932,14931,2,-2
2023-01-17 13:40:17.255,14931,14932,14931,1,-1
2023-01-17 13:40:17.384,14931,14932,14932,2,2
2023-01-17 13:40:17.549,14931,14932,14931,1,-1
2023-01-17 13:40:17.580,14931,14932,14932,2,2
2023-01-17 13:40:17.911,14931,14933,14931,1,-1
2023-01-17 13:40:19.037,14932,14933,14932,1,-1
2023-01-17 13:40:19.519,14932,14933,14932,1,-1
2023-01-17 13:40:20.036,14932,14933,14932,2,-2
2023-01-17 13:40:20.574,14932,14933,14933,4,4
2023-01-17 13:40:20.652,14932,14933,14933,3,3
2023-01-17 13:40:20.661,14932,14933,14932,1,-1
2023-01-17 13:40:22.036,14932,14933,14932,2,-2
2023-01-17 13:40:23.311,14932,14933,14933,2,2
2023-01-17 13:40:24.042,14932,14933,14932,2,-2
2023-01-17 13:40:24.083,14932,14933,14932,2,-2
2023-01-17 13:40:25.880,14931,14932,14932,9,9
2023-01-17 13:40:25.880,14931,14932,14933,2,2
2023-01-17 13:40:26.035,14931,14932,14931,2,-2
2023-01-17 13:40:26.499,14931,14932,14932,2,2
2023-01-17 13:40:26.499,14931,14932,14933,3,3
2023-01-17 13:40:28.036,14931,14933,14931,2,-2
2023-01-17 13:40:29.220,14931,14933,14933,2,2
2023-01-17 13:40:30.036,14931,14933,14931,2,-2
2023-01-17 13:40:30.659,14931,14933,14933,4,4
2023-01-17 13:40:30.737,14931,14933,14933,3,3
2023-01-17 13:40:32.035,14931,14933,14931,2,-2
2023-01-17 13:40:33.752,14931,14933,14931,3,-3
2023-01-17 13:40:35.135,14931,14933,14933,2,2
2023-01-17 13:40:36.038,14931,14933,14931,2,-2
2023-01-17 13:40:36.381,14931,14933,14933,5,5
2023-01-17 13:40:38.041,14931,14933,14931,2,-2
2023-01-17 13:40:39.030,14931,14933,14931,1,-1
2023-01-17 13:40:40.642,14931,14932,14932,1,1
2023-01-17 13:40:40.994,14932,14933,14933,2,2
2023-01-17 13:40:41.023,14932,14933,14932,1,-1
2023-01-17 13:40:41.023,14932,14933,14931,1,-1
2023-01-17 13:40:41.466,14931,14933,14931,1,-1
2023-01-17 13:40:43.023,14931,14933,14931,1,-1
2023-01-17 13:40:45.026,14931,14932,14931,2,-2
2023-01-17 13:40:46.465,14931,14932,14932,1,1
2023-01-17 13:40:46.899,14931,14932,14932,2,2
2023-01-17 13:40:47.028,14931,14932,14931,2,-2
2023-01-17 13:40:48.828,14931,14932,14932,1,1
2023-01-17 13:40:49.026,14931,14932,14931,2,-2
2023-01-17 13:40:49.924,14931,14932,14932,3,3
2023-01-17 13:40:49.992,14931,14932,14932,3,3
2023-01-17 13:40:51.027,14931,14932,14931,2,-2
2023-01-17 13:40:51.166,14931,14932,14932,4,4
2023-01-17 13:40:51.287,14931,14932,14932,3,3
2023-01-17 13:40:52.798,14931,14932,14932,2,2
2023-01-17 13:40:53.030,14931,14933,14931,1,-1
2023-01-17 13:40:53.237,14931,14933,14933,5,5
2023-01-17 13:40:54.734,14931,14933,14933,10,10
2023-01-17 13:40:55.030,14931,14933,14931,2,-2
2023-01-17 13:40:55.300,14931,14933,14933,5,5
2023-01-17 13:40:55.592,14931,14933,14932,1,1
2023-01-17 13:40:57.027,14932,14933,14932,2,-2
2023-01-17 13:40:57.375,14931,14933,14933,2,2
2023-01-17 13:40:58.025,14931,14933,14931,2,-2
2023-01-17 13:40:58.544,14931,14933,14933,2,2
2023-01-17 13:41:00.885,14932,14933,14932,2,-2
2023-01-17 13:41:01.137,14931,14933,14931,1,-1
2023-01-17 13:41:01.137,14931,14933,14931,1,-1
2023-01-17 13:41:01.151,14931,14933,14931,1,-1
2023-01-17 13:41:01.273,14931,14933,14931,1,-1
2023-01-17 13:41:01.460,14931,14933,14931,2,-2
2023-01-17 13:41:02.078,14931,14933,14933,4,4
2023-01-17 13:41:02.143,14931,14933,14933,3,3
2023-01-17 13:41:03.434,14931,14933,14931,1,-1
2023-01-17 13:41:04.255,14931,14933,14933,2,2
2023-01-17 13:41:08.477,14931,14932,14932,1,1
2023-01-17 13:41:08.996,14931,14933,14933,5,5
2023-01-17 13:41:09.378,14931,14933,14933,5,5
2023-01-17 13:41:09.960,14931,14932,14932,1,1
2023-01-17 13:41:09.960,14931,14932,14933,1,1
2023-01-17 13:41:10.389,14931,14933,14933,5,5
2023-01-17 13:41:10.714,14931,14933,14933,3,3
2023-01-17 13:41:10.791,14931,14933,14933,3,3
2023-01-17 13:41:10.902,14932,14933,14932,1,-1
2023-01-17 13:41:14.035,14932,14933,14932,2,-2
2023-01-17 13:41:15.668,14932,14933,14933,2,2
2023-01-17 13:41:16.032,14932,14933,14932,2,-2
2023-01-17 13:41:17.032,14932,14933,14932,2,-2
2023-01-17 13:41:19.038,14932,14933,14932,2,-2
2023-01-17 13:41:20.566,14931,14933,14933,4,4
2023-01-17 13:41:20.639,14931,14933,14933,3,3
2023-01-17 13:41:21.372,14931,14933,14933,2,2
2023-01-17 13:41:24.341,14931,14932,14932,1,1
2023-01-17 13:41:24.626,14931,14933,14931,1,-1
2023-01-17 13:41:24.883,14931,14933,14933,6,6
2023-01-17 13:41:25.435,14932,14933,14932,1,-1
2023-01-17 13:41:27.096,14931,14933,14933,2,2
2023-01-17 13:41:29.317,14931,14933,14933,1,1
2023-01-17 13:41:30.597,14932,14933,14933,4,4
2023-01-17 13:41:30.670,14932,14933,14933,3,3
2023-01-17 13:41:31.010,14932,14933,14933,1,1
2023-01-17 13:41:31.010,14932,14933,14933,1,1
2023-01-17 13:41:31.076,14932,14933,14932,1,-1
2023-01-17 13:41:32.431,14932,14933,14932,1,-1
2023-01-17 13:41:32.864,14932,14933,14933,2,2
2023-01-17 13:41:33.039,14932,14933,14932,2,-2
2023-01-17 13:41:33.073,14932,14933,14932,1,-1
2023-01-17 13:41:34.277,14931,14932,14932,1,1
2023-01-17 13:41:34.378,14931,14932,14932,1,1
2023-01-17 13:41:36.022,14932,14933,14932,1,-1
2023-01-17 13:41:38.611,14931,14932,14932,2,2
2023-01-17 13:41:40.024,14932,14933,14932,2,-2
2023-01-17 13:41:41.088,14932,14933,14932,2,-2
2023-01-17 13:41:43.222,14931,14932,14932,1,1
2023-01-17 13:41:44.010,14931,14932,14932,1,1
2023-01-17 13:41:44.329,14931,14933,14933,2,2
2023-01-17 13:41:46.039,14932,14933,14932,2,-2
2023-01-17 13:41:47.529,14932,14933,14932,1,-1
2023-01-17 13:41:48.024,14932,14933,14932,2,-2
2023-01-17 13:41:49.022,14932,14933,14932,7,-7
2023-01-17 13:41:50.044,14931,14933,14933,2,2
2023-01-17 13:41:50.163,14931,14933,14933,3,3
2023-01-17 13:41:50.239,14931,14933,14933,3,3
2023-01-17 13:41:50.560,14931,14933,14933,4,4
2023-01-17 13:41:50.641,14931,14933,14933,3,3
2023-01-17 13:41:53.812,14931,14933,14932,1,1
2023-01-17 13:41:53.985,14931,14933,14931,1,-1
2023-01-17 13:41:54.420,14932,14933,14932,1,-1
2023-01-17 13:41:54.702,14932,14933,14932,4,-4
2023-01-17 13:41:55.028,14931,14933,14932,2,-2
2023-01-17 13:41:55.083,14931,14933,14932,1,-1
2023-01-17 13:41:55.948,14931,14933,14933,2,2
2023-01-17 13:41:56.649,14931,14933,14931,1,-1
2023-01-17 13:41:57.030,14931,14933,14931,1,-1
2023-01-17 13:41:59.026,14931,14933,14931,2,-2
2023-01-17 13:42:00.071,14931,14933,14932,2,-2
2023-01-17 13:42:00.382,14931,14933,14931,1,-1
2023-01-17 13:42:00.427,14931,14933,14933,1,1
2023-01-17 13:42:00.491,14931,14933,14931,1,-1
2023-01-17 13:42:00.552,14931,14933,14931,2,-2
2023-01-17 13:42:00.552,14931,14933,14931,2,-2
2023-01-17 13:42:00.552,14931,14933,14931,2,-2
2023-01-17 13:42:00.599,14931,14933,14933,2,2
2023-01-17 13:42:00.769,14931,14933,14933,3,3
2023-01-17 13:42:00.876,14931,14933,14933,1,1
2023-01-17 13:42:00.947,14931,14933,14933,2,2
2023-01-17 13:42:01.029,14932,14933,14932,2,-2
2023-01-17 13:42:01.417,14931,14933,14933,1,1
2023-01-17 13:42:01.560,14931,14933,14933,2,2
2023-01-17 13:42:01.639,14931,14933,14933,2,2
2023-01-17 13:42:02.172,14932,14933,14933,4,4
2023-01-17 13:42:02.385,14932,14933,14933,3,3
2023-01-17 13:42:03.029,14932,14933,14932,2,-2
2023-01-17 13:42:05.031,14931,14933,14931,1,-1
2023-01-17 13:42:05.342,14931,14933,14933,2,2
2023-01-17 13:42:07.029,14931,14932,14931,2,-2
2023-01-17 13:42:07.532,14931,14932,14932,2,2
2023-01-17 13:42:09.029,14931,14932,14931,2,-2
2023-01-17 13:42:09.435,14931,14932,14931,1,-1
2023-01-17 13:42:09.577,14931,14932,14932,4,4
2023-01-17 13:42:09.577,14931,14932,14933,3,3
2023-01-17 13:42:10.651,14931,14933,14933,3,3
2023-01-17 13:42:10.710,14931,14933,14933,3,3
2023-01-17 13:42:11.031,14931,14933,14931,2,-2
2023-01-17 13:42:11.314,14931,14933,14931,1,-1
2023-01-17 13:42:12.607,14931,14933,14933,1,1
2023-01-17 13:42:13.036,14931,14933,14931,2,-2
2023-01-17 13:42:13.218,14931,14933,14933,2,2
2023-01-17 13:42:14.480,14931,14933,14933,1,1
2023-01-17 13:42:14.847,14931,14933,14933,1,1
2023-01-17 13:42:15.033,14931,14933,14931,2,-2
2023-01-17 13:42:15.130,14931,14933,14933,1,1
2023-01-17 13:42:15.130,14931,14933,14933,1,1
2023-01-17 13:42:15.586,14931,14933,14932,1,1
2023-01-17 13:42:16.029,14931,14933,14931,2,-2
2023-01-17 13:42:17.544,14931,14933,14933,1,1
2023-01-17 13:42:18.029,14931,14933,14931,2,-2
2023-01-17 13:42:18.905,14931,14933,14933,2,2
2023-01-17 13:42:19.180,14931,14933,14931,1,-1
2023-01-17 13:42:19.738,14931,14933,14933,1,1
2023-01-17 13:42:20.030,14931,14933,14931,2,-2
2023-01-17 13:42:20.581,14931,14933,14933,4,4
2023-01-17 13:42:20.618,14931,14933,14933,4,4
2023-01-17 13:42:21.581,14932,14933,14932,1,-1
2023-01-17 13:42:22.744,14931,14933,14933,1,1
2023-01-17 13:42:23.771,14931,14933,14933,3,3
2023-01-17 13:42:24.008,14931,14933,14933,5,5
2023-01-17 13:42:24.592,14932,14933,14933,2,2
2023-01-17 13:42:24.828,14932,14933,14932,1,-1
2023-01-17 13:42:24.916,14931,14933,14932,2,-2
2023-01-17 13:42:26.033,14932,14933,14932,2,-2
2023-01-17 13:42:26.186,14932,14933,14932,1,-1
2023-01-17 13:42:26.770,14931,14932,14932,1,1
2023-01-17 13:42:27.413,14931,14932,14932,1,1
2023-01-17 13:42:27.561,14931,14932,14932,1,1
2023-01-17 13:42:28.031,14931,14932,14931,2,-2
2023-01-17 13:42:28.444,14931,14932,14932,1,1
2023-01-17 13:42:28.509,14931,14932,14932,1,1
2023-01-17 13:42:29.751,14931,14932,14932,1,1
2023-01-17 13:42:30.034,14931,14933,14931,2,-2
2023-01-17 13:42:30.288,14931,14933,14933,2,2
2023-01-17 13:42:30.587,14931,14933,14933,4,4
2023-01-17 13:42:30.592,14931,14933,14931,2,-2
2023-01-17 13:42:30.675,14931,14933,14933,3,3
2023-01-17 13:42:30.979,14931,14932,14932,1,1
2023-01-17 13:42:31.225,14931,14933,14933,1,1
2023-01-17 13:42:31.469,14931,14933,14931,1,-1
2023-01-17 13:42:32.037,14931,14933,14931,1,-1
2023-01-17 13:42:32.303,14931,14933,14933,1,1
2023-01-17 13:42:35.034,14932,14933,14932,1,-1
2023-01-17 13:42:35.130,14931,14933,14933,1,1
2023-01-17 13:42:35.696,14931,14933,14933,1,1
2023-01-17 13:42:35.977,14931,14933,14933,2,2
2023-01-17 13:42:38.258,14932,14933,14932,1,-1
2023-01-17 13:42:39.032,14932,14933,14932,2,-2
2023-01-17 13:42:39.311,14932,14933,14933,1,1
2023-01-17 13:42:40.362,14932,14933,14933,1,1
2023-01-17 13:42:41.033,14932,14933,14932,2,-2
2023-01-17 13:42:41.722,14932,14933,14933,2,2
2023-01-17 13:42:42.755,14932,14933,14933,1,1
2023-01-17 13:42:42.755,14932,14933,14933,1,1
2023-01-17 13:42:43.030,14932,14933,14932,1,-1
2023-01-17 13:42:43.033,14932,14933,14931,2,-2
2023-01-17 13:42:43.381,14931,14932,14931,2,-2
2023-01-17 13:42:43.693,14931,14932,14932,1,1
2023-01-17 13:42:44.340,14932,14933,14932,2,-2
2023-01-17 13:42:44.340,14932,14933,14931,1,-1
2023-01-17 13:42:44.346,14932,14933,14933,1,1
2023-01-17 13:42:45.034,14931,14933,14931,2,-2
2023-01-17 13:42:45.356,14931,14933,14933,6,6
2023-01-17 13:42:46.005,14931,14933,14933,1,1
2023-01-17 13:42:46.005,14931,14933,14933,1,1
2023-01-17 13:42:47.032,14931,14933,14931,2,-2
2023-01-17 13:42:47.437,14931,14933,14933,2,2
2023-01-17 13:42:47.835,14931,14933,14931,1,-1
2023-01-17 13:42:48.041,14931,14933,14933,1,1
2023-01-17 13:42:49.047,14931,14932,14931,2,-2
2023-01-17 13:42:49.128,14931,14932,14932,1,1
2023-01-17 13:42:50.580,14931,14933,14933,2,2
2023-01-17 13:42:51.045,14931,14933,14931,2,-2
2023-01-17 13:42:51.438,14931,14933,14933,4,4
2023-01-17 13:42:51.476,14931,14933,14933,1,1
2023-01-17 13:42:51.476,14931,14933,14934,2,2
2023-01-17 13:42:51.539,14932,14934,14934,3,3
2023-01-17 13:42:51.603,14932,14934,14934,3,3
2023-01-17 13:42:51.894,14932,14933,14932,1,-1
2023-01-17 13:42:53.035,14932,14933,14932,2,-2
2023-01-17 13:42:53.126,14932,14933,14933,2,2
2023-01-17 13:42:53.135,14932,14933,14932,1,-1
2023-01-17 13:42:54.032,14932,14933,14932,2,-2
2023-01-17 13:42:54.127,14932,14933,14933,1,1
2023-01-17 13:42:54.711,14932,14933,14932,3,-3
2023-01-17 13:42:55.130,14931,14933,14931,1,-1
2023-01-17 13:42:55.255,14931,14933,14933,1,1
2023-01-17 13:42:55.712,14932,14933,14932,3,-3
2023-01-17 13:42:55.888,14932,14933,14932,1,-1
2023-01-17 13:42:58.034,14932,14933,14932,2,-2
2023-01-17 13:42:58.828,14932,14933,14933,2,2
2023-01-17 13:42:59.063,14932,14933,14933,1,1
2023-01-17 13:43:00.038,14932,14933,14932,2,-2
2023-01-17 13:43:00.100,14932,14933,14932,1,-1
2023-01-17 13:43:00.469,14932,14933,14932,1,-1
2023-01-17 13:43:01.011,14932,14933,14933,1,1
2023-01-17 13:43:02.039,14932,14933,14932,2,-2
2023-01-17 13:43:02.101,14932,14933,14932,2,-2
2023-01-17 13:43:02.181,14932,14933,14932,3,-3
2023-01-17 13:43:02.799,14932,14933,14933,4,4
2023-01-17 13:43:02.821,14932,14933,14933,3,3
2023-01-17 13:43:03.022,14932,14933,14932,1,-1
2023-01-17 13:43:04.038,14932,14933,14932,2,-2
2023-01-17 13:43:04.095,14932,14933,14933,1,1
2023-01-17 13:43:04.628,14932,14933,14933,2,2
2023-01-17 13:43:05.192,14932,14933,14932,2,-2
2023-01-17 13:43:06.037,14932,14933,14932,1,-1
2023-01-17 13:43:06.089,14932,14933,14933,1,1
2023-01-17 13:43:08.027,14932,14933,14932,2,-2
2023-01-17 13:43:09.027,14932,14933,14933,1,1
2023-01-17 13:43:09.769,14932,14933,14933,7,7
2023-01-17 13:43:10.030,14932,14933,14932,2,-2
2023-01-17 13:43:10.390,14932,14933,14933,2,2
2023-01-17 13:43:10.717,14932,14933,14933,3,3
2023-01-17 13:43:10.806,14932,14933,14933,3,3
2023-01-17 13:43:11.989,14932,14933,14933,3,3
2023-01-17 13:43:12.025,14932,14933,14932,2,-2
2023-01-17 13:43:12.264,14932,14933,14933,5,5
2023-01-17 13:43:12.693,14932,14933,14933,1,1
2023-01-17 13:43:12.730,14932,14933,14933,1,1
2023-01-17 13:43:13.027,14932,14933,14932,1,-1
2023-01-17 13:43:13.453,14932,14933,14933,1,1
2023-01-17 13:43:14.522,14932,14933,14933,1,1
2023-01-17 13:43:15.031,14932,14933,14932,1,-1
2023-01-17 13:43:15.034,14932,14933,14932,14,-14
2023-01-17 13:43:16.079,14932,14933,14933,2,2
2023-01-17 13:43:20.635,14932,14933,14933,4,4
2023-01-17 13:43:20.707,14932,14933,14933,1,1
2023-01-17 13:43:20.739,14932,14933,14933,3,3
2023-01-17 13:43:21.763,14932,14933,14933,2,2
2023-01-17 13:43:22.601,14932,14933,14932,2,-2
2023-01-17 13:43:23.791,14932,14933,14932,1,-1
2023-01-17 13:43:23.880,14932,14933,14932,1,-1
2023-01-17 13:43:23.968,14932,14933,14932,3,-3
2023-01-17 13:43:24.932,14931,14933,14931,2,-2
2023-01-17 13:43:25.020,14931,14933,14931,3,-3
2023-01-17 13:43:25.313,14931,14933,14932,2,-2
2023-01-17 13:43:25.746,14931,14933,14933,6,6
2023-01-17 13:43:26.693,14931,14932,14932,2,2
2023-01-17 13:43:27.347,14931,14932,14931,1,-1
2023-01-17 13:43:27.544,14931,14932,14931,48,-48
2023-01-17 13:43:27.544,14931,14932,14930,42,-42
2023-01-17 13:43:27.544,14931,14932,14930,23,-23
2023-01-17 13:43:27.564,14931,14932,14930,2,-2
2023-01-17 13:43:28.126,14929,14930,14930,1,1
2023-01-17 13:43:28.177,14929,14930,14930,1,1
2023-01-17 13:43:28.253,14929,14930,14930,1,1
2023-01-17 13:43:28.378,14929,14930,14930,1,1
2023-01-17 13:43:28.630,14929,14930,14930,1,1
2023-01-17 13:43:28.630,14929,14930,14931,1,1
2023-01-17 13:43:28.875,14929,14931,14931,3,3
2023-01-17 13:43:28.875,14929,14931,14932,2,2
2023-01-17 13:43:29.210,14930,14932,14930,4,-4
2023-01-17 13:43:29.546,14929,14931,14931,1,1
2023-01-17 13:43:30.094,14930,14931,14931,2,2
2023-01-17 13:43:30.751,14930,14931,14931,2,2
2023-01-17 13:43:30.751,14930,14931,14932,2,2
2023-01-17 13:43:30.844,14930,14932,14932,3,3
2023-01-17 13:43:33.005,14931,14932,14932,1,1
2023-01-17 13:43:33.373,14931,14932,14932,2,2
2023-01-17 13:43:34.032,14931,14932,14931,1,-1
2023-01-17 13:43:34.032,14931,14932,14930,1,-1
2023-01-17 13:43:36.031,14930,14931,14930,2,-2
2023-01-17 13:43:38.031,14930,14931,14930,2,-2
2023-01-17 13:43:39.115,14930,14931,14931,2,2
2023-01-17 13:43:39.230,14930,14931,14931,10,10
2023-01-17 13:43:39.966,14930,14931,14930,1,-1
2023-01-17 13:43:40.031,14930,14931,14930,2,-2
2023-01-17 13:43:41.744,14930,14931,14931,1,1
2023-01-17 13:43:42.034,14930,14931,14930,1,-1
2023-01-17 13:43:42.034,14930,14931,14930,2,-2
2023-01-17 13:43:43.292,14929,14930,14930,1,1
2023-01-17 13:43:43.744,14929,14930,14930,1,1
2023-01-17 13:43:44.841,14929,14930,14930,2,2
2023-01-17 13:43:45.895,14929,14930,14930,1,1
2023-01-17 13:43:48.472,14929,14930,14929,2,-2
2023-01-17 13:43:48.708,14929,14930,14930,1,1
2023-01-17 13:43:48.763,14929,14930,14929,5,-5
2023-01-17 13:43:49.389,14929,14930,14929,2,-2
2023-01-17 13:43:49.547,14929,14930,14930,1,1
2023-01-17 13:43:50.040,14929,14930,14929,2,-2
2023-01-17 13:43:50.576,14929,14930,14930,2,2
2023-01-17 13:43:51.046,14929,14930,14929,2,-2
2023-01-17 13:43:51.065,14929,14930,14930,4,4
2023-01-17 13:43:51.118,14929,14930,14930,3,3
2023-01-17 13:43:51.250,14929,14930,14930,3,3
2023-01-17 13:43:51.291,14929,14930,14930,3,3
2023-01-17 13:43:52.391,14929,14930,14929,4,-4
2023-01-17 13:43:52.391,14929,14930,14928,2,-2
2023-01-17 13:43:52.436,14929,14930,14928,16,-16
2023-01-17 13:43:52.436,14929,14930,14927,8,-8
2023-01-17 13:43:53.028,14929,14930,14929,1,-1
2023-01-17 13:43:53.372,14927,14929,14928,1,-1
2023-01-17 13:43:53.372,14927,14929,14927,23,-23
2023-01-17 13:43:54.370,14927,14929,14927,16,-16
2023-01-17 13:43:54.456,14927,14929,14929,1,1
2023-01-17 13:43:55.254,14927,14928,14928,1,1
2023-01-17 13:43:55.456,14927,14929,14927,1,-1
2023-01-17 13:43:56.106,14927,14929,14929,1,1
2023-01-17 13:43:56.321,14927,14929,14929,2,2
2023-01-17 13:43:58.034,14927,14929,14927,2,-2
2023-01-17 13:43:59.745,14927,14929,14929,1,1
2023-01-17 13:43:59.999,14927,14929,14929,1,1
2023-01-17 13:44:00.117,14927,14929,14927,2,-2
2023-01-17 13:44:00.271,14927,14929,14927,2,-2
2023-01-17 13:44:00.356,14927,14929,14927,2,-2
2023-01-17 13:44:00.426,14927,14929,14929,3,3
2023-01-17 13:44:00.430,14927,14929,14929,1,1
2023-01-17 13:44:00.473,14927,14929,14929,1,1
2023-01-17 13:44:00.598,14927,14929,14929,1,1
2023-01-17 13:44:00.603,14927,14929,14929,1,1
2023-01-17 13:44:00.618,14927,14929,14929,1,1
2023-01-17 13:44:00.657,14927,14929,14929,1,1
2023-01-17 13:44:00.663,14927,14929,14929,1,1
2023-01-17 13:44:00.696,14927,14929,14929,1,1
2023-01-17 13:44:00.736,14927,14929,14929,1,1
2023-01-17 13:44:00.738,14927,14929,14929,1,1
2023-01-17 13:44:00.772,14927,14929,14929,3,3
2023-01-17 13:44:00.863,14927,14929,14928,2,2
2023-01-17 13:44:00.868,14927,14929,14929,1,1
2023-01-17 13:44:01.123,14928,14929,14928,2,-2
2023-01-17 13:44:01.283,14928,14929,14929,1,1
2023-01-17 13:44:01.301,14928,14929,14929,1,1
2023-01-17 13:44:01.593,14928,14929,14928,2,-2
2023-01-17 13:44:01.836,14928,14929,14928,19,-19
2023-01-17 13:44:01.836,14928,14929,14928,7,-7
2023-01-17 13:44:02.078,14928,14929,14929,2,2
2023-01-17 13:44:02.126,14928,14929,14929,4,4
2023-01-17 13:44:02.210,14928,14930,14928,1,-1
2023-01-17 13:44:02.247,14928,14930,14930,3,3
2023-01-17 13:44:02.272,14928,14930,14930,1,1
2023-01-17 13:44:02.305,14928,14930,14928,3,-3
2023-01-17 13:44:03.020,14928,14930,14928,2,-2
2023-01-17 13:44:03.025,14928,14930,14928,2,-2
2023-01-17 13:44:03.190,14929,14930,14929,2,-2
2023-01-17 13:44:03.294,14929,14930,14929,2,-2
2023-01-17 13:44:03.584,14929,14930,14929,1,-1
2023-01-17 13:44:03.714,14929,14930,14929,3,-3
2023-01-17 13:44:03.764,14929,14930,14929,3,-3
2023-01-17 13:44:04.461,14928,14930,14928,2,-2
2023-01-17 13:44:04.620,14928,14930,14930,1,1
2023-01-17 13:44:04.958,14928,14930,14928,1,-1
2023-01-17 13:44:05.017,14928,14930,14928,1,-1
2023-01-17 13:44:05.027,14928,14930,14928,1,-1
2023-01-17 13:44:05.027,14928,14930,14927,1,-1
2023-01-17 13:44:05.470,14927,14929,14929,1,1
2023-01-17 13:44:05.903,14928,14929,14928,1,-1
2023-01-17 13:44:05.903,14928,14929,14927,1,-1
2023-01-17 13:44:06.294,14928,14929,14928,2,-2
2023-01-17 13:44:06.333,14928,14929,14927,1,-1
2023-01-17 13:44:06.443,14927,14929,14929,1,1
2023-01-17 13:44:06.736,14927,14929,14929,1,1
2023-01-17 13:44:06.823,14927,14929,14929,1,1
2023-01-17 13:44:06.936,14927,14929,14929,1,1
2023-01-17 13:44:06.985,14927,14929,14929,1,1
2023-01-17 13:44:07.024,14927,14929,14927,2,-2
2023-01-17 13:44:07.171,14927,14929,14927,1,-1
2023-01-17 13:44:07.336,14927,14929,14927,2,-2
2023-01-17 13:44:07.522,14927,14929,14929,3,3
2023-01-17 13:44:07.822,14927,14928,14928,2,2
2023-01-17 13:44:08.433,14927,14928,14928,1,1
2023-01-17 13:44:08.770,14927,14928,14927,2,-2
2023-01-17 13:44:09.024,14927,14928,14927,1,-1
2023-01-17 13:44:09.294,14927,14928,14927,2,-2
2023-01-17 13:44:09.311,14927,14928,14928,1,1
2023-01-17 13:44:09.654,14927,14928,14927,1,-1
2023-01-17 13:44:09.858,14927,14928,14928,8,8
2023-01-17 13:44:09.947,14927,14928,14928,2,2
2023-01-17 13:44:09.947,14927,14928,14929,6,6
2023-01-17 13:44:10.022,14927,14929,14927,2,-2
2023-01-17 13:44:10.207,14927,14929,14927,2,-2
2023-01-17 13:44:10.457,14927,14929,14927,1,-1
2023-01-17 13:44:10.730,14927,14929,14929,1,1
2023-01-17 13:44:10.732,14927,14929,14929,3,3
2023-01-17 13:44:10.827,14927,14929,14929,3,3
2023-01-17 13:44:11.371,14927,14928,14927,6,-6
2023-01-17 13:44:11.420,14927,14928,14927,11,-11
2023-01-17 13:44:11.420,14927,14928,14926,13,-13
2023-01-17 13:44:11.579,14927,14928,14928,1,1
2023-01-17 13:44:11.670,14927,14928,14927,1,-1
2023-01-17 13:44:11.670,14927,14928,14926,1,-1
2023-01-17 13:44:11.819,14927,14928,14928,2,2
2023-01-17 13:44:11.832,14927,14928,14927,1,-1
2023-01-17 13:44:12.294,14926,14928,14926,1,-1
2023-01-17 13:44:12.431,14926,14927,14927,1,1
2023-01-17 13:44:13.096,14926,14927,14926,2,-2
2023-01-17 13:44:13.368,14926,14927,14926,18,-18
2023-01-17 13:44:13.368,14926,14927,14925,6,-6
2023-01-17 13:44:13.520,14925,14927,14927,2,2
2023-01-17 13:44:13.579,14925,14927,14925,2,-2
2023-01-17 13:44:13.580,14925,14927,14927,1,1
2023-01-17 13:44:13.580,14925,14927,14928,4,4
2023-01-17 13:44:13.855,14925,14928,14928,1,1
2023-01-17 13:44:14.111,14926,14927,14926,1,-1
2023-01-17 13:44:14.369,14925,14927,14926,1,-1
2023-01-17 13:44:14.369,14925,14927,14925,16,-16
2023-01-17 13:44:14.431,14925,14927,14927,1,1
2023-01-17 13:44:14.549,14925,14927,14926,1,1
2023-01-17 13:44:14.549,14925,14927,14925,1,-1
2023-01-17 13:44:15.047,14925,14927,14927,5,5
2023-01-17 13:44:15.518,14925,14927,14927,1,1
2023-01-17 13:44:15.791,14925,14928,14925,2,-2
2023-01-17 13:44:15.825,14925,14928,14927,1,1
2023-01-17 13:44:15.980,14925,14927,14925,2,-2
2023-01-17 13:44:16.235,14926,14927,14927,1,1
2023-01-17 13:44:16.431,14926,14928,14928,2,2
2023-01-17 13:44:17.329,14926,14928,14926,1,-1
2023-01-17 13:44:17.424,14926,14928,14926,2,-2
2023-01-17 13:44:17.639,14926,14927,14927,1,1
2023-01-17 13:44:18.028,14926,14927,14926,2,-2
2023-01-17 13:44:18.031,14926,14927,14927,1,1
2023-01-17 13:44:18.298,14926,14927,14926,3,-3
2023-01-17 13:44:18.535,14926,14927,14927,1,1
2023-01-17 13:44:18.625,14926,14927,14927,2,2
2023-01-17 13:44:18.704,14926,14927,14926,1,-1
2023-01-17 13:44:18.882,14926,14927,14926,2,-2
2023-01-17 13:44:19.033,14926,14927,14927,1,1
2023-01-17 13:44:19.033,14926,14927,14928,1,1
2023-01-17 13:44:20.035,14926,14927,14926,2,-2
2023-01-17 13:44:20.079,14926,14927,14926,1,-1
2023-01-17 13:44:20.327,14926,14927,14926,2,-2
2023-01-17 13:44:20.399,14926,14927,14926,5,-5
2023-01-17 13:44:20.433,14926,14927,14927,2,2
2023-01-17 13:44:20.641,14926,14927,14927,4,4
2023-01-17 13:44:20.737,14926,14927,14927,3,3
2023-01-17 13:44:20.772,14926,14927,14927,1,1
2023-01-17 13:44:21.368,14926,14927,14926,2,-2
2023-01-17 13:44:21.454,14926,14927,14926,1,-1
2023-01-17 13:44:21.663,14926,14927,14926,2,-2
2023-01-17 13:44:21.718,14926,14927,14926,5,-5
2023-01-17 13:44:21.756,14925,14926,14925,2,-2
2023-01-17 13:44:21.768,14925,14926,14926,1,1
2023-01-17 13:44:22.225,14925,14926,14926,1,1
2023-01-17 13:44:22.326,14925,14926,14926,6,6
2023-01-17 13:44:22.357,14925,14926,14926,10,10
2023-01-17 13:44:22.357,14925,14926,14927,9,9
2023-01-17 13:44:22.646,14925,14927,14927,1,1
2023-01-17 13:44:23.080,14925,14926,14926,1,1
2023-01-17 13:44:23.193,14925,14927,14925,2,-2
2023-01-17 13:44:23.417,14925,14927,14925,5,-5
2023-01-17 13:44:24.039,14925,14927,14925,1,-1
2023-01-17 13:44:24.203,14925,14926,14925,1,-1
2023-01-17 13:44:24.302,14925,14926,14925,2,-2
2023-01-17 13:44:24.653,14925,14926,14925,2,-2
2023-01-17 13:44:24.719,14925,14926,14926,1,1
2023-01-17 13:44:24.719,14925,14926,14927,1,1
2023-01-17 13:44:24.758,14925,14927,14925,2,-2
2023-01-17 13:44:24.912,14925,14927,14925,1,-1
2023-01-17 13:44:25.115,14925,14927,14925,1,-1
2023-01-17 13:44:25.376,14925,14927,14927,1,1
2023-01-17 13:44:25.380,14925,14927,14927,4,4
2023-01-17 13:44:25.571,14925,14927,14925,5,-5
2023-01-17 13:44:25.578,14925,14927,14925,1,-1
2023-01-17 13:44:26.028,14925,14927,14925,2,-2
2023-01-17 13:44:26.092,14925,14927,14925,2,-2
2023-01-17 13:44:26.118,14925,14927,14927,2,2
2023-01-17 13:44:26.952,14926,14927,14926,1,-1
2023-01-17 13:44:27.287,14926,14927,14926,3,-3
2023-01-17 13:44:27.337,14926,14927,14926,1,-1
2023-01-17 13:44:27.541,14926,14927,14926,2,-2
2023-01-17 13:44:27.746,14926,14927,14927,1,1
2023-01-17 13:44:27.811,14926,14927,14926,1,-1
2023-01-17 13:44:28.030,14926,14927,14926,1,-1
2023-01-17 13:44:28.030,14926,14927,14925,1,-1
2023-01-17 13:44:28.239,14925,14927,14926,1,-1
2023-01-17 13:44:28.271,14925,14926,14926,1,1
2023-01-17 13:44:28.321,14925,14926,14925,2,-2
2023-01-17 13:44:28.327,14925,14926,14925,1,-1
2023-01-17 13:44:28.525,14925,14926,14925,1,-1
2023-01-17 13:44:28.978,14925,14926,14925,2,-2
2023-01-17 13:44:29.016,14925,14926,14926,1,1
2023-01-17 13:44:29.197,14925,14926,14926,20,20
2023-01-17 13:44:29.315,14925,14926,14925,1,-1
2023-01-17 13:44:29.701,14925,14926,14925,1,-1
2023-01-17 13:44:30.029,14925,14926,14925,1,-1
2023-01-17 13:44:30.031,14925,14926,14925,4,-4
2023-01-17 13:44:30.405,14924,14926,14924,2,-2
2023-01-17 13:44:30.451,14924,14926,14925,2,-2
2023-01-17 13:44:30.543,14924,14926,14926,1,1
2023-01-17 13:44:30.602,14924,14926,14926,4,4
2023-01-17 13:44:30.663,14924,14926,14926,1,1
2023-01-17 13:44:30.675,14924,14926,14926,3,3
2023-01-17 13:44:31.030,14925,14926,14925,1,-1
2023-01-17 13:44:31.098,14925,14926,14924,3,-3
2023-01-17 13:44:31.131,14924,14926,14924,1,-1
2023-01-17 13:44:31.131,14924,14926,14924,1,-1
2023-01-17 13:44:31.227,14924,14926,14925,1,-1
2023-01-17 13:44:31.658,14925,14926,14926,2,2
2023-01-17 13:44:31.847,14925,14927,14925,1,-1
2023-01-17 13:44:31.847,14925,14927,14924,1,-1
2023-01-17 13:44:33.132,14924,14925,14924,1,-1
2023-01-17 13:44:33.265,14924,14925,14924,2,-2
2023-01-17 13:44:33.288,14924,14925,14924,2,-2
2023-01-17 13:44:33.503,14924,14925,14925,1,1
2023-01-17 13:44:33.660,14924,14925,14924,5,-5
2023-01-17 13:44:34.294,14924,14925,14924,1,-1
2023-01-17 13:44:34.337,14924,14925,14924,1,-1
2023-01-17 13:44:34.730,14924,14925,14924,1,-1
2023-01-17 13:44:34.730,14924,14925,14923,1,-1
2023-01-17 13:44:34.824,14923,14925,14923,4,-4
2023-01-17 13:44:34.918,14923,14925,14925,5,5
2023-01-17 13:44:35.923,14924,14925,14925,2,2
2023-01-17 13:44:36.184,14924,14925,14924,2,-2
2023-01-17 13:44:36.294,14923,14925,14925,1,1
2023-01-17 13:44:37.424,14923,14925,14923,2,-2
2023-01-17 13:44:37.679,14923,14925,14924,1,-1
2023-01-17 13:44:38.681,14923,14925,14923,2,-2
2023-01-17 13:44:39.000,14923,14925,14923,4,-4
2023-01-17 13:44:39.319,14924,14925,14925,4,4
2023-01-17 13:44:39.439,14924,14925,14924,2,-2
2023-01-17 13:44:39.616,14923,14925,14923,12,-12
2023-01-17 13:44:39.908,14923,14925,14923,2,-2
2023-01-17 13:44:40.032,14923,14925,14925,2,2
2023-01-17 13:44:40.126,14923,14925,14923,2,-2
2023-01-17 13:44:41.502,14923,14924,14923,1,-1
2023-01-17 13:44:42.072,14923,14924,14923,3,-3
2023-01-17 13:44:42.199,14923,14924,14923,1,-1
2023-01-17 13:44:44.085,14923,14924,14924,3,3
2023-01-17 13:44:44.375,14923,14924,14923,2,-2
2023-01-17 13:44:44.642,14923,14924,14924,1,1
2023-01-17 13:44:45.575,14923,14924,14924,1,1
2023-01-17 13:44:45.585,14923,14924,14924,2,2
2023-01-17 13:44:46.742,14923,14924,14923,1,-1
2023-01-17 13:44:47.242,14923,14924,14923,1,-1
2023-01-17 13:44:47.360,14923,14924,14924,2,2
2023-01-17 13:44:47.853,14923,14924,14924,1,1
2023-01-17 13:44:47.858,14923,14924,14923,1,-1
2023-01-17 13:44:47.885,14923,14924,14923,5,-5
2023-01-17 13:44:48.099,14923,14924,14924,15,15
2023-01-17 13:44:48.161,14923,14924,14924,2,2
2023-01-17 13:44:48.459,14923,14924,14924,2,2
2023-01-17 13:44:48.619,14923,14924,14924,2,2
2023-01-17 13:44:49.274,14923,14924,14923,3,-3
2023-01-17 13:44:49.279,14923,14924,14923,1,-1
2023-01-17 13:44:49.336,14923,14924,14924,8,8
2023-01-17 13:44:49.341,14923,14924,14924,1,1
2023-01-17 13:44:49.343,14923,14924,14925,1,1
2023-01-17 13:44:49.414,14924,14925,14924,3,-3
2023-01-17 13:44:49.483,14924,14925,14924,1,-1
2023-01-17 13:44:49.905,14924,14925,14925,1,1
2023-01-17 13:44:50.319,14924,14925,14924,1,-1
2023-01-17 13:44:50.363,14924,14925,14925,3,3
2023-01-17 13:44:50.450,14924,14925,14925,3,3
2023-01-17 13:44:50.577,14924,14925,14925,1,1
2023-01-17 13:44:50.711,14924,14925,14925,4,4
2023-01-17 13:44:50.762,14924,14925,14924,1,-1
2023-01-17 13:44:50.829,14924,14925,14925,3,3
2023-01-17 13:44:50.849,14924,14925,14925,6,6
2023-01-17 13:44:50.849,14924,14925,14926,6,6
2023-01-17 13:44:50.864,14924,14925,14924,6,-6
2023-01-17 13:44:50.864,14924,14925,14923,4,-4
2023-01-17 13:44:51.174,14924,14926,14924,1,-1
2023-01-17 13:44:51.694,14924,14925,14924,1,-1
2023-01-17 13:44:51.771,14924,14925,14924,1,-1
2023-01-17 13:44:51.833,14924,14925,14925,6,6
2023-01-17 13:44:52.000,14924,14925,14925,2,2
2023-01-17 13:44:52.179,14924,14925,14924,2,-2
2023-01-17 13:44:52.369,14924,14925,14925,1,1
2023-01-17 13:44:52.372,14924,14925,14925,18,18
2023-01-17 13:44:52.372,14924,14925,14926,5,5
2023-01-17 13:44:53.068,14924,14925,14924,1,-1
2023-01-17 13:44:53.627,14924,14925,14924,1,-1
2023-01-17 13:44:53.942,14924,14925,14924,1,-1
2023-01-17 13:44:53.971,14924,14925,14924,1,-1
2023-01-17 13:44:54.181,14924,14925,14925,1,1
2023-01-17 13:44:54.443,14924,14925,14924,1,-1
2023-01-17 13:44:54.638,14924,14925,14924,7,-7
2023-01-17 13:44:54.735,14924,14925,14925,1,1
2023-01-17 13:44:54.735,14924,14925,14925,3,3
2023-01-17 13:44:55.158,14924,14926,14926,2,2
2023-01-17 13:44:55.334,14924,14927,14924,1,-1
2023-01-17 13:44:55.483,14924,14926,14926,1,1
2023-01-17 13:44:55.542,14924,14927,14927,1,1
2023-01-17 13:44:55.666,14925,14926,14926,1,1
2023-01-17 13:44:55.870,14925,14927,14927,5,5
2023-01-17 13:44:55.920,14925,14927,14926,1,1
2023-01-17 13:44:56.234,14925,14926,14926,1,1
2023-01-17 13:44:56.251,14925,14926,14925,1,-1
2023-01-17 13:44:56.302,14924,14927,14927,1,1
2023-01-17 13:44:56.398,14925,14927,14925,3,-3
2023-01-17 13:44:56.398,14925,14927,14924,1,-1
2023-01-17 13:44:57.122,14924,14926,14924,1,-1
2023-01-17 13:44:57.165,14924,14926,14924,1,-1
2023-01-17 13:44:57.222,14924,14926,14926,1,1
2023-01-17 13:44:57.222,14924,14926,14927,8,8
2023-01-17 13:44:57.276,14925,14928,14928,1,1
2023-01-17 13:44:57.279,14925,14928,14928,1,1
2023-01-17 13:44:57.419,14925,14928,14926,1,-1
2023-01-17 13:44:57.419,14925,14928,14925,3,-3
2023-01-17 13:44:57.632,14925,14927,14925,3,-3
2023-01-17 13:44:57.632,14925,14927,14924,4,-4
2023-01-17 13:44:57.648,14925,14927,14924,2,-2
2023-01-17 13:44:58.237,14925,14927,14927,3,3
2023-01-17 13:44:58.237,14925,14927,14928,1,1
2023-01-17 13:44:58.249,14925,14927,14928,5,5
2023-01-17 13:44:58.254,14925,14928,14928,3,3
2023-01-17 13:44:58.344,14925,14928,14928,1,1
2023-01-17 13:44:58.381,14925,14928,14928,1,1
2023-01-17 13:44:58.561,14926,14928,14926,1,-1
2023-01-17 13:44:58.571,14926,14928,14928,1,1
2023-01-17 13:44:58.821,14926,14928,14928,5,5
2023-01-17 13:44:58.821,14926,14928,14929,1,1
2023-01-17 13:44:58.899,14927,14929,14927,1,-1
2023-01-17 13:44:59.102,14927,14929,14929,3,3
2023-01-17 13:44:59.146,14927,14929,14929,1,1
2023-01-17 13:44:59.146,14927,14929,14929,4,4
2023-01-17 13:44:59.173,14927,14929,14927,1,-1
2023-01-17 13:44:59.208,14927,14929,14926,1,-1
2023-01-17 13:44:59.208,14927,14929,14925,11,-11
2023-01-17 13:44:59.588,14925,14927,14925,2,-2
2023-01-17 13:44:59.874,14925,14927,14925,1,-1
2023-01-17 13:44:59.974,14925,14927,14925,1,-1
