2023-01-12 13:40:00.286,14778,14779,14778,2,-2
2023-01-12 13:40:00.286,14778,14779,14777,1,-1
2023-01-12 13:40:00.335,14778,14779,14777,1,-1
2023-01-12 13:40:00.419,14777,14778,14778,3,3
2023-01-12 13:40:00.461,14777,14778,14777,1,-1
2023-01-12 13:40:00.515,14777,14778,14778,1,1
2023-01-12 13:40:00.502,14777,14778,14778,1,1
2023-01-12 13:40:00.709,14777,14778,14778,1,1
2023-01-12 13:40:00.770,14777,14778,14777,10,-10
2023-01-12 13:40:00.815,14777,14778,14778,1,1
2023-01-12 13:40:01.173,14777,14778,14777,1,-1
2023-01-12 13:40:01.173,14777,14778,14777,1,-1
2023-01-12 13:40:01.174,14777,14778,14777,2,-2
2023-01-12 13:40:01.456,14776,14777,14776,1,-1
2023-01-12 13:40:01.459,14776,14777,14776,4,-4
2023-01-12 13:40:01.485,14776,14777,14776,2,-2
2023-01-12 13:40:01.526,14776,14777,14777,1,1
2023-01-12 13:40:01.549,14776,14777,14777,1,1
2023-01-12 13:40:01.567,14776,14777,14776,1,-1
2023-01-12 13:40:01.823,14776,14777,14777,1,1
2023-01-12 13:40:01.844,14776,14777,14776,1,-1
2023-01-12 13:40:02.064,14776,14777,14776,1,-1
2023-01-12 13:40:02.158,14776,14777,14777,1,1
2023-01-12 13:40:02.158,14776,14777,14778,1,1
2023-01-12 13:40:02.175,14776,14777,14778,2,2
2023-01-12 13:40:02.354,14776,14778,14776,1,-1
2023-01-12 13:40:02.757,14776,14777,14776,1,-1
2023-01-12 13:40:02.863,14776,14777,14776,1,-1
2023-01-12 13:40:03.454,14776,14777,14776,1,-1
2023-01-12 13:40:04.083,14775,14777,14776,1,-1
2023-01-12 13:40:04.084,14775,14777,14777,1,1
2023-01-12 13:40:04.085,14775,14777,14775,1,-1
2023-01-12 13:40:04.161,14775,14777,14775,1,-1
2023-01-12 13:40:04.178,14775,14777,14775,1,-1
2023-01-12 13:40:04.319,14775,14777,14775,1,-1
2023-01-12 13:40:04.319,14775,14777,14775,1,-1
2023-01-12 13:40:04.333,14775,14777,14775,1,-1
2023-01-12 13:40:04.495,14775,14777,14776,1,-1
2023-01-12 13:40:05.077,14775,14777,14776,1,-1
2023-01-12 13:40:05.490,14775,14777,14777,1,1
2023-01-12 13:40:05.743,14775,14777,14775,1,-1
2023-01-12 13:40:05.780,14775,14777,14776,1,-1
2023-01-12 13:40:06.679,14775,14776,14776,1,1
2023-01-12 13:40:06.825,14775,14776,14775,4,-4
2023-01-12 13:40:06.825,14775,14776,14775,2,-2
2023-01-12 13:40:06.825,14775,14776,14775,3,-3
2023-01-12 13:40:06.825,14775,14776,14775,3,-3
2023-01-12 13:40:07.140,14774,14775,14775,2,2
2023-01-12 13:40:07.672,14774,14775,14775,1,1
2023-01-12 13:40:07.697,14774,14775,14775,1,1
2023-01-12 13:40:07.900,14774,14775,14775,1,1
2023-01-12 13:40:08.444,14774,14775,14775,1,1
2023-01-12 13:40:08.445,14774,14775,14775,1,1
2023-01-12 13:40:08.554,14774,14776,14774,1,-1
2023-01-12 13:40:08.594,14774,14776,14774,1,-1
2023-01-12 13:40:08.601,14774,14775,14774,1,-1
2023-01-12 13:40:08.734,14774,14775,14775,1,1
2023-01-12 13:40:09.382,14774,14775,14775,4,4
2023-01-12 13:40:09.572,14774,14775,14774,10,-10
2023-01-12 13:40:09.618,14774,14775,14774,1,-1
2023-01-12 13:40:10.114,14774,14775,14774,3,-3
2023-01-12 13:40:10.610,14773,14774,14774,2,2
2023-01-12 13:40:10.770,14773,14775,14775,2,2
2023-01-12 13:40:10.790,14773,14775,14775,2,2
2023-01-12 13:40:11.023,14773,14775,14775,5,5
2023-01-12 13:40:11.074,14773,14775,14774,1,1
2023-01-12 13:40:11.276,14773,14775,14774,1,1
2023-01-12 13:40:11.385,14773,14774,14774,1,1
2023-01-12 13:40:11.478,14773,14774,14773,1,-1
2023-01-12 13:40:11.552,14773,14774,14773,1,-1
2023-01-12 13:40:12.314,14773,14774,14773,1,-1
2023-01-12 13:40:12.327,14773,14774,14773,2,-2
2023-01-12 13:40:12.327,14773,14774,14773,3,-3
2023-01-12 13:40:12.439,14772,14773,14773,1,1
2023-01-12 13:40:12.439,14772,14773,14773,2,2
2023-01-12 13:40:12.440,14772,14773,14773,1,1
2023-01-12 13:40:12.463,14772,14773,14773,1,1
2023-01-12 13:40:12.492,14772,14774,14773,1,1
2023-01-12 13:40:13.048,14773,14774,14773,1,-1
2023-01-12 13:40:13.923,14773,14774,14773,1,-1
2023-01-12 13:40:14.236,14773,14774,14773,1,-1
2023-01-12 13:40:14.371,14772,14774,14772,1,-1
2023-01-12 13:40:14.558,14772,14773,14772,1,-1
2023-01-12 13:40:14.668,14772,14773,14773,2,2
2023-01-12 13:40:15.858,14772,14773,14772,4,-4
2023-01-12 13:40:15.859,14772,14773,14772,2,-2
2023-01-12 13:40:15.959,14772,14773,14772,1,-1
2023-01-12 13:40:15.960,14772,14773,14772,3,-3
2023-01-12 13:40:16.242,14771,14773,14773,1,1
2023-01-12 13:40:16.634,14771,14773,14771,1,-1
2023-01-12 13:40:16.853,14771,14773,14773,1,1
2023-01-12 13:40:17.222,14771,14773,14771,1,-1
2023-01-12 13:40:18.418,14771,14773,14771,1,-1
2023-01-12 13:40:18.445,14771,14773,14771,1,-1
2023-01-12 13:40:18.555,14771,14773,14771,1,-1
2023-01-12 13:40:18.762,14771,14773,14771,1,-1
2023-01-12 13:40:19.100,14771,14773,14773,1,1
2023-01-12 13:40:20.096,14771,14773,14771,1,-1
2023-01-12 13:40:20.542,14771,14772,14771,1,-1
2023-01-12 13:40:20.757,14771,14772,14772,1,1
2023-01-12 13:40:20.757,14771,14772,14773,2,2
2023-01-12 13:40:20.772,14771,14772,14773,2,2
2023-01-12 13:40:20.999,14771,14773,14773,1,1
2023-01-12 13:40:21.321,14771,14773,14771,2,-2
2023-01-12 13:40:21.437,14770,14772,14772,1,1
2023-01-12 13:40:21.464,14770,14772,14772,1,1
2023-01-12 13:40:21.489,14770,14772,14772,1,1
2023-01-12 13:40:22.447,14770,14772,14770,1,-1
2023-01-12 13:40:22.545,14770,14772,14770,1,-1
2023-01-12 13:40:22.718,14770,14772,14772,1,1
2023-01-12 13:40:22.938,14770,14772,14770,1,-1
2023-01-12 13:40:23.357,14770,14771,14770,6,-6
2023-01-12 13:40:24.069,14769,14771,14771,1,1
2023-01-12 13:40:24.083,14769,14771,14769,2,-2
2023-01-12 13:40:24.086,14769,14771,14771,1,1
2023-01-12 13:40:24.497,14769,14771,14771,1,1
2023-01-12 13:40:24.788,14769,14771,14769,1,-1
2023-01-12 13:40:25.205,14769,14771,14771,5,5
2023-01-12 13:40:25.529,14770,14771,14770,2,-2
2023-01-12 13:40:25.792,14769,14771,14769,1,-1
2023-01-12 13:40:25.897,14769,14771,14770,1,-1
2023-01-12 13:40:26.102,14769,14771,14771,1,1
2023-01-12 13:40:26.498,14769,14771,14771,1,1
2023-01-12 13:40:27.277,14770,14771,14770,1,-1
2023-01-12 13:40:27.567,14770,14771,14771,1,1
2023-01-12 13:40:27.601,14770,14771,14771,5,5
2023-01-12 13:40:28.475,14770,14771,14771,2,2
2023-01-12 13:40:28.476,14770,14771,14771,2,2
2023-01-12 13:40:28.479,14770,14771,14771,1,1
2023-01-12 13:40:28.642,14770,14772,14770,1,-1
2023-01-12 13:40:29.195,14770,14771,14771,3,3
2023-01-12 13:40:29.195,14770,14771,14772,3,3
2023-01-12 13:40:29.373,14770,14772,14772,1,1
2023-01-12 13:40:30.000,14770,14772,14771,1,1
2023-01-12 13:40:30.035,14770,14772,14770,1,-1
2023-01-12 13:40:30.697,14770,14772,14772,2,2
2023-01-12 13:40:30.707,14770,14772,14772,2,2
2023-01-12 13:40:30.874,14770,14772,14772,5,5
2023-01-12 13:40:31.033,14772,14773,14773,5,5
2023-01-12 13:40:31.211,14771,14773,14773,1,1
2023-01-12 13:40:31.510,14772,14773,14772,1,-1
2023-01-12 13:40:33.271,14772,14773,14772,1,-1
2023-01-12 13:40:34.219,14772,14773,14772,1,-1
2023-01-12 13:40:34.219,14772,14773,14772,1,-1
2023-01-12 13:40:34.222,14772,14773,14772,1,-1
2023-01-12 13:40:34.382,14771,14772,14771,1,-1
2023-01-12 13:40:36.393,14771,14772,14772,1,1
2023-01-12 13:40:37.221,14771,14772,14771,1,-1
2023-01-12 13:40:37.389,14771,14772,14772,1,1
2023-01-12 13:40:38.500,14771,14772,14772,1,1
2023-01-12 13:40:38.500,14771,14772,14773,4,4
2023-01-12 13:40:38.695,14771,14773,14773,1,1
2023-01-12 13:40:40.025,14771,14772,14771,10,-10
2023-01-12 13:40:40.071,14771,14772,14770,1,-1
2023-01-12 13:40:40.378,14770,14771,14771,1,1
2023-01-12 13:40:41.026,14770,14771,14770,11,-11
2023-01-12 13:40:42.046,14769,14770,14770,1,1
2023-01-12 13:40:42.071,14769,14770,14770,1,1
2023-01-12 13:40:42.916,14769,14770,14769,1,-1
2023-01-12 13:40:43.381,14769,14770,14769,11,-11
2023-01-12 13:40:43.623,14768,14770,14768,3,-3
2023-01-12 13:40:43.656,14768,14770,14769,1,-1
2023-01-12 13:40:45.094,14768,14769,14769,1,1
2023-01-12 13:40:45.768,14768,14769,14768,1,-1
2023-01-12 13:40:46.288,14768,14769,14769,1,1
2023-01-12 13:40:46.296,14768,14769,14769,1,1
2023-01-12 13:40:46.557,14768,14769,14768,4,-4
2023-01-12 13:40:47.146,14768,14770,14770,3,3
2023-01-12 13:40:47.177,14768,14770,14770,2,2
2023-01-12 13:40:47.321,14768,14770,14770,1,1
2023-01-12 13:40:47.865,14768,14770,14768,5,-5
2023-01-12 13:40:47.868,14768,14770,14768,1,-1
2023-01-12 13:40:48.219,14767,14769,14767,2,-2
2023-01-12 13:40:48.613,14767,14769,14767,1,-1
2023-01-12 13:40:48.686,14767,14769,14767,5,-5
2023-01-12 13:40:48.686,14767,14769,14766,2,-2
2023-01-12 13:40:49.181,14767,14768,14767,4,-4
2023-01-12 13:40:49.444,14766,14767,14767,1,1
2023-01-12 13:40:49.489,14766,14767,14767,1,1
2023-01-12 13:40:49.576,14766,14767,14768,1,1
2023-01-12 13:40:50.123,14767,14768,14768,1,1
2023-01-12 13:40:50.648,14766,14767,14767,1,1
2023-01-12 13:40:50.648,14766,14767,14768,1,1
2023-01-12 13:40:50.687,14766,14767,14768,2,2
2023-01-12 13:40:50.981,14767,14768,14767,1,-1
2023-01-12 13:40:51.202,14766,14768,14768,7,7
2023-01-12 13:40:51.202,14766,14768,14769,13,13
2023-01-12 13:40:51.315,14767,14769,14768,1,1
2023-01-12 13:40:51.455,14767,14768,14767,1,-1
2023-01-12 13:40:53.260,14767,14768,14767,4,-4
2023-01-12 13:40:53.265,14767,14768,14767,2,-2
2023-01-12 13:40:53.721,14767,14768,14767,1,-1
2023-01-12 13:40:54.040,14767,14768,14767,1,-1
2023-01-12 13:40:54.297,14766,14768,14766,1,-1
2023-01-12 13:40:54.445,14766,14768,14766,13,-13
2023-01-12 13:40:54.445,14766,14768,14765,1,-1
2023-01-12 13:40:55.592,14766,14767,14766,1,-1
2023-01-12 13:40:56.866,14766,14767,14767,3,3
2023-01-12 13:40:57.141,14767,14768,14767,1,-1
2023-01-12 13:40:57.272,14767,14768,14767,1,-1
2023-01-12 13:40:57.272,14767,14768,14766,4,-4
2023-01-12 13:40:57.272,14767,14768,14765,45,-45
2023-01-12 13:40:57.406,14765,14766,14765,1,-1
2023-01-12 13:40:58.112,14765,14766,14765,1,-1
2023-01-12 13:40:59.448,14765,14766,14765,1,-1
2023-01-12 13:40:59.784,14764,14766,14764,2,-2
2023-01-12 13:41:00.085,14765,14766,14765,1,-1
2023-01-12 13:41:00.220,14764,14766,14765,3,-3
2023-01-12 13:41:00.220,14764,14766,14765,1,-1
2023-01-12 13:41:00.309,14765,14766,14766,1,1
2023-01-12 13:41:00.345,14765,14766,14766,4,4
2023-01-12 13:41:00.345,14765,14766,14767,15,15
2023-01-12 13:41:00.345,14765,14766,14768,26,26
2023-01-12 13:41:00.431,14765,14766,14768,1,1
2023-01-12 13:41:00.837,14766,14768,14767,1,1
2023-01-12 13:41:00.986,14767,14768,14767,1,-1
2023-01-12 13:41:00.986,14767,14768,14767,1,-1
2023-01-12 13:41:01.245,14766,14768,14767,1,-1
2023-01-12 13:41:01.363,14766,14768,14767,1,-1
2023-01-12 13:41:02.065,14766,14768,14768,3,3
2023-01-12 13:41:02.068,14766,14768,14768,2,2
2023-01-12 13:41:02.173,14766,14769,14766,1,-1
2023-01-12 13:41:02.942,14767,14769,14767,1,-1
2023-01-12 13:41:03.127,14767,14769,14767,1,-1
2023-01-12 13:41:04.255,14767,14769,14767,1,-1
2023-01-12 13:41:04.761,14767,14768,14768,1,1
2023-01-12 13:41:05.099,14767,14769,14769,1,1
2023-01-12 13:41:05.839,14767,14769,14768,1,1
2023-01-12 13:41:05.886,14768,14769,14768,6,-6
2023-01-12 13:41:06.078,14767,14769,14769,1,1
2023-01-12 13:41:06.224,14767,14769,14769,5,5
2023-01-12 13:41:06.428,14768,14769,14768,1,-1
2023-01-12 13:41:06.428,14768,14769,14767,3,-3
2023-01-12 13:41:08.569,14767,14769,14767,1,-1
2023-01-12 13:41:08.729,14767,14769,14767,1,-1
2023-01-12 13:41:08.733,14767,14769,14767,1,-1
2023-01-12 13:41:09.141,14766,14769,14769,2,2
2023-01-12 13:41:09.142,14766,14769,14769,4,4
2023-01-12 13:41:10.072,14767,14769,14769,1,1
2023-01-12 13:41:10.696,14767,14769,14768,1,1
2023-01-12 13:41:10.792,14767,14769,14769,2,2
2023-01-12 13:41:10.813,14767,14769,14769,3,3
2023-01-12 13:41:11.582,14767,14769,14768,1,1
2023-01-12 13:41:12.971,14768,14769,14768,1,-1
2023-01-12 13:41:12.972,14768,14769,14768,2,-2
2023-01-12 13:41:13.047,14767,14769,14769,2,2
2023-01-12 13:41:13.608,14768,14769,14768,2,-2
2023-01-12 13:41:14.390,14768,14769,14768,1,-1
2023-01-12 13:41:14.390,14768,14769,14767,2,-2
2023-01-12 13:41:14.447,14768,14769,14767,1,-1
2023-01-12 13:41:17.302,14767,14768,14767,1,-1
2023-01-12 13:41:18.544,14767,14768,14767,1,-1
2023-01-12 13:41:19.062,14767,14768,14768,1,1
2023-01-12 13:41:20.165,14767,14769,14767,1,-1
2023-01-12 13:41:20.662,14767,14769,14769,3,3
2023-01-12 13:41:20.673,14767,14769,14769,2,2
2023-01-12 13:41:22.788,14767,14769,14769,1,1
2023-01-12 13:41:23.045,14767,14769,14767,1,-1
2023-01-12 13:41:23.372,14768,14769,14769,4,4
2023-01-12 13:41:23.372,14768,14769,14770,6,6
2023-01-12 13:41:23.534,14769,14770,14770,1,1
2023-01-12 13:41:25.900,14768,14770,14768,1,-1
2023-01-12 13:41:26.070,14768,14770,14770,1,1
2023-01-12 13:41:27.303,14768,14770,14770,1,1
2023-01-12 13:41:28.081,14769,14770,14770,10,10
2023-01-12 13:41:28.081,14769,14770,14770,5,5
2023-01-12 13:41:28.495,14769,14770,14770,2,2
2023-01-12 13:41:28.496,14769,14770,14770,2,2
2023-01-12 13:41:28.753,14769,14771,14769,1,-1
2023-01-12 13:41:29.017,14769,14771,14769,2,-2
2023-01-12 13:41:29.681,14769,14770,14770,10,10
2023-01-12 13:41:29.768,14769,14770,14770,1,1
2023-01-12 13:41:29.770,14769,14770,14770,1,1
2023-01-12 13:41:30.689,14769,14770,14770,2,2
2023-01-12 13:41:30.690,14769,14770,14770,4,4
2023-01-12 13:41:30.690,14769,14770,14770,7,7
2023-01-12 13:41:30.707,14769,14770,14771,2,2
2023-01-12 13:41:30.847,14770,14771,14771,1,1
2023-01-12 13:41:31.597,14770,14772,14770,1,-1
2023-01-12 13:41:32.234,14771,14772,14771,1,-1
2023-01-12 13:41:33.019,14771,14772,14772,2,2
2023-01-12 13:41:33.395,14771,14772,14772,1,1
2023-01-12 13:41:33.638,14771,14772,14772,2,2
2023-01-12 13:41:34.439,14771,14772,14771,1,-1
2023-01-12 13:41:34.613,14771,14772,14772,1,1
2023-01-12 13:41:34.623,14771,14772,14772,1,1
2023-01-12 13:41:37.292,14770,14772,14770,1,-1
2023-01-12 13:41:37.793,14770,14772,14770,1,-1
2023-01-12 13:41:38.185,14770,14771,14771,1,1
2023-01-12 13:41:39.740,14770,14771,14771,1,1
2023-01-12 13:41:39.741,14770,14771,14771,1,1
2023-01-12 13:41:40.156,14770,14772,14770,1,-1
2023-01-12 13:41:40.212,14770,14772,14772,5,5
2023-01-12 13:41:40.263,14771,14773,14772,1,1
2023-01-12 13:41:41.490,14770,14772,14770,1,-1
2023-01-12 13:41:42.888,14771,14772,14772,4,4
2023-01-12 13:41:43.007,14771,14772,14771,1,-1
2023-01-12 13:41:43.168,14771,14772,14772,4,4
2023-01-12 13:41:44.550,14771,14772,14771,1,-1
2023-01-12 13:41:45.866,14771,14772,14771,1,-1
2023-01-12 13:41:45.986,14771,14772,14772,1,1
2023-01-12 13:41:46.149,14771,14772,14771,4,-4
2023-01-12 13:41:47.080,14771,14772,14772,3,3
2023-01-12 13:41:47.096,14771,14772,14772,2,2
2023-01-12 13:41:48.728,14771,14772,14771,1,-1
2023-01-12 13:41:50.004,14771,14772,14772,1,1
2023-01-12 13:41:50.755,14771,14772,14772,2,2
2023-01-12 13:41:50.776,14771,14772,14772,2,2
2023-01-12 13:41:50.921,14771,14772,14772,2,2
2023-01-12 13:41:51.570,14771,14772,14771,1,-1
2023-01-12 13:41:52.630,14771,14772,14771,1,-1
2023-01-12 13:41:52.728,14771,14772,14771,1,-1
2023-01-12 13:41:54.445,14771,14772,14771,1,-1
2023-01-12 13:41:55.623,14771,14772,14772,1,1
2023-01-12 13:41:55.625,14771,14772,14772,6,6
2023-01-12 13:41:55.776,14771,14773,14773,1,1
2023-01-12 13:41:56.231,14771,14773,14771,1,-1
2023-01-12 13:41:57.288,14772,14773,14772,1,-1
2023-01-12 13:41:58.235,14772,14773,14773,10,10
2023-01-12 13:41:58.236,14772,14773,14773,1,1
2023-01-12 13:41:58.551,14773,14774,14773,1,-1
2023-01-12 13:41:58.819,14773,14774,14773,1,-1
2023-01-12 13:42:00.136,14772,14773,14772,1,-1
2023-01-12 13:42:00.197,14772,14773,14773,1,1
2023-01-12 13:42:00.343,14771,14773,14773,2,2
2023-01-12 13:42:00.356,14772,14773,14772,1,-1
2023-01-12 13:42:00.364,14772,14773,14773,2,2
2023-01-12 13:42:00.446,14772,14773,14773,1,1
2023-01-12 13:42:00.447,14772,14773,14773,3,3
2023-01-12 13:42:00.527,14772,14773,14773,1,1
2023-01-12 13:42:00.529,14772,14773,14773,1,1
2023-01-12 13:42:00.588,14772,14773,14773,1,1
2023-01-12 13:42:00.675,14772,14773,14773,1,1
2023-01-12 13:42:00.733,14772,14773,14773,1,1
2023-01-12 13:42:00.750,14772,14773,14773,1,1
2023-01-12 13:42:00.776,14772,14773,14773,3,3
2023-01-12 13:42:00.828,14772,14773,14773,1,1
2023-01-12 13:42:00.829,14772,14773,14773,1,1
2023-01-12 13:42:01.820,14772,14773,14773,7,7
2023-01-12 13:42:02.244,14773,14774,14774,2,2
2023-01-12 13:42:02.256,14773,14774,14774,1,1
2023-01-12 13:42:02.256,14773,14774,14775,2,2
2023-01-12 13:42:02.374,14773,14775,14775,1,1
2023-01-12 13:42:02.755,14773,14775,14773,2,-2
2023-01-12 13:42:03.017,14773,14774,14773,1,-1
2023-01-12 13:42:03.069,14773,14774,14773,1,-1
2023-01-12 13:42:05.883,14772,14774,14772,1,-1
2023-01-12 13:42:06.236,14772,14774,14774,1,1
2023-01-12 13:42:07.422,14773,14774,14774,6,6
2023-01-12 13:42:08.738,14773,14774,14773,1,-1
2023-01-12 13:42:09.316,14773,14774,14773,1,-1
2023-01-12 13:42:10.033,14773,14774,14773,1,-1
2023-01-12 13:42:10.033,14773,14774,14773,3,-3
2023-01-12 13:42:10.040,14773,14774,14773,1,-1
2023-01-12 13:42:10.159,14772,14774,14774,2,2
2023-01-12 13:42:10.362,14772,14774,14774,2,2
2023-01-12 13:42:10.629,14772,14774,14774,1,1
2023-01-12 13:42:10.805,14772,14774,14774,2,2
2023-01-12 13:42:10.836,14772,14774,14774,2,2
2023-01-12 13:42:11.128,14772,14773,14773,2,2
2023-01-12 13:42:11.280,14773,14775,14775,2,2
2023-01-12 13:42:11.593,14773,14775,14773,1,-1
2023-01-12 13:42:13.911,14773,14774,14774,1,1
2023-01-12 13:42:14.460,14773,14774,14773,1,-1
2023-01-12 13:42:16.829,14773,14774,14774,1,1
2023-01-12 13:42:16.829,14773,14774,14774,3,3
2023-01-12 13:42:17.312,14773,14775,14773,1,-1
2023-01-12 13:42:18.251,14773,14774,14773,10,-10
2023-01-12 13:42:19.536,14773,14774,14773,3,-3
2023-01-12 13:42:19.536,14773,14774,14773,4,-4
2023-01-12 13:42:20.155,14772,14773,14772,1,-1
2023-01-12 13:42:20.644,14772,14773,14773,3,3
2023-01-12 13:42:20.698,14772,14773,14773,2,2
2023-01-12 13:42:21.592,14772,14773,14773,1,1
2023-01-12 13:42:23.003,14773,14774,14773,1,-1
2023-01-12 13:42:25.359,14773,14774,14773,10,-10
2023-01-12 13:42:25.359,14773,14774,14772,12,-12
2023-01-12 13:42:25.359,14773,14774,14771,8,-8
2023-01-12 13:42:25.872,14772,14773,14772,1,-1
2023-01-12 13:42:26.550,14772,14773,14772,2,-2
2023-01-12 13:42:27.897,14771,14772,14771,1,-1
2023-01-12 13:42:28.174,14771,14772,14771,3,-3
2023-01-12 13:42:28.740,14771,14772,14771,1,-1
2023-01-12 13:42:29.331,14770,14772,14772,10,10
2023-01-12 13:42:29.357,14771,14772,14772,1,1
2023-01-12 13:42:29.407,14771,14772,14772,1,1
2023-01-12 13:42:30.704,14771,14772,14772,2,2
2023-01-12 13:42:30.728,14771,14772,14772,2,2
2023-01-12 13:42:31.596,14771,14772,14771,1,-1
2023-01-12 13:42:33.055,14771,14772,14772,1,1
2023-01-12 13:42:33.205,14771,14772,14771,1,-1
2023-01-12 13:42:33.293,14771,14772,14771,1,-1
2023-01-12 13:42:34.440,14771,14772,14771,1,-1
2023-01-12 13:42:37.285,14771,14772,14771,1,-1
2023-01-12 13:42:37.849,14771,14772,14772,1,1
2023-01-12 13:42:38.920,14771,14772,14771,3,-3
2023-01-12 13:42:40.136,14771,14772,14771,1,-1
2023-01-12 13:42:41.286,14771,14772,14771,3,-3
2023-01-12 13:42:41.287,14771,14772,14771,1,-1
2023-01-12 13:42:41.290,14771,14772,14770,4,-4
2023-01-12 13:42:41.292,14771,14772,14771,3,-3
2023-01-12 13:42:41.462,14770,14771,14771,1,1
2023-01-12 13:42:42.102,14770,14771,14770,1,-1
2023-01-12 13:42:42.102,14770,14771,14770,1,-1
2023-01-12 13:42:42.680,14770,14771,14771,1,1
2023-01-12 13:42:42.988,14770,14771,14770,1,-1
2023-01-12 13:42:43.365,14770,14771,14771,1,1
2023-01-12 13:42:43.682,14770,14771,14770,1,-1
2023-01-12 13:42:45.831,14770,14771,14770,1,-1
2023-01-12 13:42:46.386,14770,14771,14770,1,-1
2023-01-12 13:42:46.386,14770,14771,14770,1,-1
2023-01-12 13:42:46.908,14770,14771,14771,1,1
2023-01-12 13:42:47.095,14770,14771,14771,3,3
2023-01-12 13:42:47.096,14770,14771,14771,1,1
2023-01-12 13:42:47.116,14770,14772,14772,2,2
2023-01-12 13:42:48.673,14770,14771,14770,1,-1
2023-01-12 13:42:50.111,14770,14771,14771,1,1
2023-01-12 13:42:50.399,14770,14771,14770,1,-1
2023-01-12 13:42:50.407,14770,14771,14771,1,1
2023-01-12 13:42:50.640,14770,14772,14772,2,2
2023-01-12 13:42:50.666,14770,14772,14772,2,2
2023-01-12 13:42:51.516,14771,14772,14771,1,-1
2023-01-12 13:42:51.716,14771,14772,14771,1,-1
2023-01-12 13:42:54.361,14771,14772,14771,1,-1
2023-01-12 13:42:56.111,14771,14772,14772,5,5
2023-01-12 13:42:56.694,14771,14772,14772,2,2
2023-01-12 13:42:57.204,14772,14773,14772,1,-1
2023-01-12 13:42:57.227,14772,14773,14773,1,1
2023-01-12 13:42:57.227,14772,14773,14773,1,1
2023-01-12 13:42:57.362,14772,14773,14772,1,-1
2023-01-12 13:42:57.529,14771,14772,14771,3,-3
2023-01-12 13:42:58.061,14771,14772,14771,1,-1
2023-01-12 13:42:58.539,14771,14772,14772,5,5
2023-01-12 13:42:58.544,14771,14772,14772,15,15
2023-01-12 13:43:00.049,14771,14773,14771,1,-1
2023-01-12 13:43:00.072,14771,14773,14771,1,-1
2023-01-12 13:43:00.222,14771,14772,14772,1,1
2023-01-12 13:43:00.222,14771,14772,14772,1,1
2023-01-12 13:43:00.269,14771,14773,14772,1,1
2023-01-12 13:43:00.724,14771,14772,14772,1,1
2023-01-12 13:43:00.725,14771,14772,14772,2,2
2023-01-12 13:43:02.166,14771,14773,14773,3,3
2023-01-12 13:43:02.170,14771,14773,14773,13,13
2023-01-12 13:43:02.219,14771,14773,14773,2,2
2023-01-12 13:43:02.524,14772,14773,14773,3,3
2023-01-12 13:43:02.794,14772,14773,14772,1,-1
2023-01-12 13:43:02.896,14772,14773,14772,1,-1
2023-01-12 13:43:02.901,14772,14773,14772,1,-1
2023-01-12 13:43:03.242,14772,14773,14772,1,-1
2023-01-12 13:43:03.529,14772,14773,14773,3,3
2023-01-12 13:43:03.538,14772,14773,14773,1,1
2023-01-12 13:43:03.583,14772,14773,14773,1,1
2023-01-12 13:43:03.965,14773,14774,14773,1,-1
2023-01-12 13:43:04.226,14773,14774,14773,1,-1
2023-01-12 13:43:04.558,14772,14773,14773,2,2
2023-01-12 13:43:04.624,14772,14774,14772,1,-1
2023-01-12 13:43:04.676,14772,14774,14772,1,-1
2023-01-12 13:43:05.757,14772,14773,14772,1,-1
2023-01-12 13:43:05.757,14772,14773,14772,1,-1
2023-01-12 13:43:07.409,14772,14773,14772,1,-1
2023-01-12 13:43:07.938,14772,14773,14772,1,-1
2023-01-12 13:43:08.604,14772,14773,14772,1,-1
2023-01-12 13:43:10.351,14772,14773,14773,1,1
2023-01-12 13:43:10.932,14772,14773,14773,2,2
2023-01-12 13:43:10.976,14772,14773,14773,2,2
2023-01-12 13:43:11.037,14772,14773,14773,1,1
2023-01-12 13:43:11.453,14772,14773,14772,1,-1
2023-01-12 13:43:12.661,14772,14773,14773,5,5
2023-01-12 13:43:12.661,14772,14773,14774,4,4
2023-01-12 13:43:12.782,14773,14774,14774,1,1
2023-01-12 13:43:13.533,14772,14774,14774,1,1
2023-01-12 13:43:13.591,14772,14774,14774,1,1
2023-01-12 13:43:13.662,14773,14774,14774,1,1
2023-01-12 13:43:13.708,14773,14774,14773,1,-1
2023-01-12 13:43:14.143,14773,14774,14773,20,-20
2023-01-12 13:43:14.303,14772,14774,14772,1,-1
2023-01-12 13:43:17.141,14772,14773,14772,1,-1
2023-01-12 13:43:18.319,14772,14773,14773,3,3
2023-01-12 13:43:18.405,14773,14774,14774,1,1
2023-01-12 13:43:18.525,14773,14774,14773,1,-1
2023-01-12 13:43:19.697,14773,14774,14773,1,-1
2023-01-12 13:43:19.986,14773,14774,14773,1,-1
2023-01-12 13:43:20.232,14773,14774,14773,3,-3
2023-01-12 13:43:20.330,14773,14774,14773,11,-11
2023-01-12 13:43:20.677,14772,14773,14773,3,3
2023-01-12 13:43:20.741,14772,14773,14773,2,2
2023-01-12 13:43:20.767,14772,14773,14773,1,1
2023-01-12 13:43:22.533,14772,14773,14773,1,1
2023-01-12 13:43:22.829,14772,14773,14772,1,-1
2023-01-12 13:43:24.649,14772,14773,14773,2,2
2023-01-12 13:43:25.420,14772,14773,14773,2,2
2023-01-12 13:43:25.420,14772,14773,14774,3,3
2023-01-12 13:43:25.673,14772,14774,14772,1,-1
2023-01-12 13:43:28.286,14772,14773,14772,20,-20
2023-01-12 13:43:28.287,14772,14773,14772,7,-7
2023-01-12 13:43:28.517,14771,14772,14771,1,-1
2023-01-12 13:43:30.567,14771,14772,14772,1,1
2023-01-12 13:43:30.688,14771,14772,14772,2,2
2023-01-12 13:43:30.748,14771,14772,14772,1,1
2023-01-12 13:43:30.748,14771,14772,14773,1,1
2023-01-12 13:43:31.274,14772,14773,14772,1,-1
2023-01-12 13:43:31.363,14771,14772,14771,1,-1
2023-01-12 13:43:34.128,14771,14772,14772,1,1
2023-01-12 13:43:34.220,14771,14772,14771,1,-1
2023-01-12 13:43:37.063,14771,14772,14771,1,-1
2023-01-12 13:43:38.123,14771,14772,14771,1,-1
2023-01-12 13:43:38.125,14771,14772,14772,1,1
2023-01-12 13:43:38.552,14771,14772,14772,10,10
2023-01-12 13:43:38.552,14771,14772,14773,38,38
2023-01-12 13:43:38.553,14771,14772,14773,40,40
2023-01-12 13:43:38.654,14772,14773,14773,1,1
2023-01-12 13:43:39.801,14771,14773,14772,1,1
2023-01-12 13:43:39.909,14771,14772,14771,1,-1
2023-01-12 13:43:40.463,14771,14772,14772,1,1
2023-01-12 13:43:42.420,14771,14772,14772,1,1
2023-01-12 13:43:42.766,14771,14772,14771,1,-1
2023-01-12 13:43:43.380,14771,14772,14772,1,1
2023-01-12 13:43:44.028,14771,14772,14771,1,-1
2023-01-12 13:43:45.319,14771,14772,14772,6,6
2023-01-12 13:43:45.609,14771,14772,14771,1,-1
2023-01-12 13:43:45.787,14771,14772,14772,1,1
2023-01-12 13:43:46.500,14772,14773,14773,1,1
2023-01-12 13:43:46.706,14772,14773,14772,3,-3
2023-01-12 13:43:47.482,14771,14772,14772,3,3
2023-01-12 13:43:47.525,14771,14772,14772,1,1
2023-01-12 13:43:47.525,14771,14772,14773,2,2
2023-01-12 13:43:48.564,14771,14773,14771,1,-1
2023-01-12 13:43:50.646,14771,14772,14771,3,-3
2023-01-12 13:43:50.680,14771,14772,14772,2,2
2023-01-12 13:43:50.702,14771,14772,14772,2,2
2023-01-12 13:43:51.441,14771,14772,14771,1,-1
2023-01-12 13:43:51.770,14771,14772,14771,5,-5
2023-01-12 13:43:51.820,14771,14772,14771,15,-15
2023-01-12 13:43:51.820,14771,14772,14770,9,-9
2023-01-12 13:43:52.093,14770,14771,14770,1,-1
2023-01-12 13:43:52.772,14770,14771,14770,20,-20
2023-01-12 13:43:52.772,14770,14771,14769,4,-4
2023-01-12 13:43:53.770,14769,14770,14769,6,-6
2023-01-12 13:43:54.316,14769,14770,14769,1,-1
2023-01-12 13:43:54.931,14769,14770,14770,19,19
2023-01-12 13:43:54.931,14769,14770,14770,3,3
2023-01-12 13:43:56.143,14769,14771,14769,3,-3
2023-01-12 13:43:57.170,14769,14771,14769,1,-1
2023-01-12 13:43:59.933,14769,14770,14769,20,-20
2023-01-12 13:43:59.933,14769,14770,14769,1,-1
2023-01-12 13:44:00.018,14768,14770,14768,1,-1
2023-01-12 13:44:00.053,14768,14770,14768,1,-1
2023-01-12 13:44:00.081,14768,14770,14768,2,-2
2023-01-12 13:44:00.081,14768,14770,14768,2,-2
2023-01-12 13:44:00.081,14768,14770,14768,2,-2
2023-01-12 13:44:00.223,14768,14770,14770,3,3
2023-01-12 13:44:00.256,14768,14770,14770,3,3
2023-01-12 13:44:00.277,14768,14770,14770,1,1
2023-01-12 13:44:00.328,14768,14770,14769,1,1
2023-01-12 13:44:00.473,14768,14770,14770,10,10
2023-01-12 13:44:00.580,14768,14770,14770,1,1
2023-01-12 13:44:00.675,14768,14770,14768,2,-2
2023-01-12 13:44:01.665,14769,14770,14769,1,-1
2023-01-12 13:44:01.772,14769,14770,14769,4,-4
2023-01-12 13:44:01.772,14769,14770,14768,1,-1
2023-01-12 13:44:01.824,14769,14770,14768,17,-17
2023-01-12 13:44:01.824,14769,14770,14767,7,-7
2023-01-12 13:44:02.180,14768,14770,14770,3,3
2023-01-12 13:44:02.215,14768,14770,14770,2,2
2023-01-12 13:44:02.773,14768,14770,14768,7,-7
2023-01-12 13:44:02.773,14768,14770,14767,17,-17
2023-01-12 13:44:02.860,14767,14769,14767,1,-1
2023-01-12 13:44:03.770,14768,14769,14768,6,-6
2023-01-12 13:44:05.031,14768,14769,14768,1,-1
2023-01-12 13:44:05.120,14768,14769,14768,1,-1
2023-01-12 13:44:05.465,14767,14769,14767,2,-2
2023-01-12 13:44:05.656,14767,14769,14768,1,-1
2023-01-12 13:44:05.668,14767,14769,14769,10,10
2023-01-12 13:44:05.730,14767,14769,14767,1,-1
2023-01-12 13:44:05.825,14767,14769,14767,2,-2
2023-01-12 13:44:06.425,14767,14769,14769,1,1
2023-01-12 13:44:07.151,14767,14769,14767,10,-10
2023-01-12 13:44:07.406,14767,14769,14768,1,-1
2023-01-12 13:44:08.600,14767,14769,14767,1,-1
2023-01-12 13:44:09.014,14767,14769,14767,23,-23
2023-01-12 13:44:09.014,14767,14769,14766,26,-26
2023-01-12 13:44:09.168,14766,14768,14768,1,1
2023-01-12 13:44:09.459,14766,14768,14768,1,1
2023-01-12 13:44:09.602,14766,14768,14768,1,1
2023-01-12 13:44:09.603,14766,14768,14768,1,1
2023-01-12 13:44:09.854,14766,14767,14767,2,2
2023-01-12 13:44:09.995,14766,14768,14766,1,-1
2023-01-12 13:44:10.000,14766,14768,14766,1,-1
2023-01-12 13:44:10.004,14766,14768,14768,1,1
2023-01-12 13:44:10.038,14766,14768,14766,1,-1
2023-01-12 13:44:10.798,14766,14768,14768,2,2
2023-01-12 13:44:10.837,14766,14768,14768,2,2
2023-01-12 13:44:11.101,14766,14768,14767,1,1
2023-01-12 13:44:11.353,14766,14768,14766,1,-1
2023-01-12 13:44:11.493,14766,14768,14766,1,-1
2023-01-12 13:44:11.681,14766,14768,14768,4,4
2023-01-12 13:44:11.781,14766,14768,14766,5,-5
2023-01-12 13:44:11.820,14766,14768,14766,2,-2
2023-01-12 13:44:11.820,14766,14768,14765,22,-22
2023-01-12 13:44:11.997,14765,14767,14767,1,1
2023-01-12 13:44:12.501,14765,14768,14765,1,-1
2023-01-12 13:44:12.771,14765,14768,14765,22,-22
2023-01-12 13:44:12.771,14765,14768,14764,2,-2
2023-01-12 13:44:13.083,14765,14767,14766,1,-1
2023-01-12 13:44:13.787,14765,14767,14765,3,-3
2023-01-12 13:44:13.787,14765,14767,14764,3,-3
2023-01-12 13:44:14.186,14764,14766,14764,1,-1
2023-01-12 13:44:14.303,14764,14766,14766,1,1
2023-01-12 13:44:14.345,14764,14766,14765,1,1
2023-01-12 13:44:14.379,14764,14766,14764,18,-18
2023-01-12 13:44:14.379,14764,14766,14764,1,-1
2023-01-12 13:44:14.426,14764,14766,14764,2,-2
2023-01-12 13:44:15.031,14764,14765,14764,1,-1
2023-01-12 13:44:15.246,14763,14764,14764,1,1
2023-01-12 13:44:15.815,14763,14764,14763,10,-10
2023-01-12 13:44:15.875,14763,14764,14763,1,-1
2023-01-12 13:44:16.014,14763,14764,14764,4,4
2023-01-12 13:44:16.014,14763,14764,14765,1,1
2023-01-12 13:44:16.081,14763,14764,14765,10,10
2023-01-12 13:44:16.246,14763,14765,14764,4,4
2023-01-12 13:44:16.509,14763,14764,14763,1,-1
2023-01-12 13:44:16.526,14763,14764,14763,1,-1
2023-01-12 13:44:16.542,14763,14764,14763,3,-3
2023-01-12 13:44:16.620,14763,14764,14764,1,1
2023-01-12 13:44:16.620,14763,14764,14765,4,4
2023-01-12 13:44:17.046,14764,14765,14764,1,-1
2023-01-12 13:44:17.206,14763,14765,14763,1,-1
2023-01-12 13:44:17.992,14763,14764,14763,1,-1
2023-01-12 13:44:18.471,14763,14764,14764,1,1
2023-01-12 13:44:18.553,14763,14764,14764,1,1
2023-01-12 13:44:19.006,14763,14764,14763,1,-1
2023-01-12 13:44:19.082,14763,14764,14764,4,4
2023-01-12 13:44:19.447,14763,14764,14763,1,-1
2023-01-12 13:44:19.556,14763,14764,14764,2,2
2023-01-12 13:44:19.561,14763,14764,14764,1,1
2023-01-12 13:44:19.726,14763,14765,14763,1,-1
2023-01-12 13:44:19.760,14763,14765,14764,1,-1
2023-01-12 13:44:20.034,14763,14764,14763,1,-1
2023-01-12 13:44:20.184,14763,14764,14763,1,-1
2023-01-12 13:44:20.716,14763,14764,14764,3,3
2023-01-12 13:44:20.717,14763,14764,14764,5,5
2023-01-12 13:44:20.908,14763,14765,14765,2,2
2023-01-12 13:44:22.385,14764,14765,14764,1,-1
2023-01-12 13:44:23.119,14764,14765,14764,1,-1
2023-01-12 13:44:23.499,14764,14765,14765,1,1
2023-01-12 13:44:23.676,14764,14765,14765,1,1
2023-01-12 13:44:25.032,14764,14765,14764,1,-1
2023-01-12 13:44:25.037,14764,14765,14764,1,-1
2023-01-12 13:44:25.184,14764,14765,14765,1,1
2023-01-12 13:44:25.322,14764,14765,14764,1,-1
2023-01-12 13:44:26.581,14764,14765,14765,1,1
2023-01-12 13:44:27.453,14764,14765,14765,2,2
2023-01-12 13:44:27.899,14764,14765,14764,1,-1
2023-01-12 13:44:28.754,14764,14765,14764,1,-1
2023-01-12 13:44:28.872,14764,14765,14765,5,5
2023-01-12 13:44:29.407,14764,14765,14764,20,-20
2023-01-12 13:44:29.803,14763,14765,14765,4,4
2023-01-12 13:44:29.803,14763,14765,14766,6,6
2023-01-12 13:44:29.990,14764,14766,14764,1,-1
2023-01-12 13:44:30.036,14764,14766,14763,1,-1
2023-01-12 13:44:30.280,14763,14765,14765,2,2
2023-01-12 13:44:30.280,14763,14765,14766,1,1
2023-01-12 13:44:30.530,14764,14765,14764,1,-1
2023-01-12 13:44:30.554,14764,14765,14764,1,-1
2023-01-12 13:44:30.716,14764,14765,14765,1,1
2023-01-12 13:44:30.716,14764,14765,14766,1,1
2023-01-12 13:44:30.782,14764,14766,14766,2,2
2023-01-12 13:44:31.152,14764,14765,14764,3,-3
2023-01-12 13:44:31.269,14763,14765,14763,1,-1
2023-01-12 13:44:31.272,14763,14765,14764,2,-2
2023-01-12 13:44:31.281,14763,14765,14764,1,-1
2023-01-12 13:44:31.364,14763,14765,14764,1,-1
2023-01-12 13:44:31.406,14763,14765,14765,2,2
2023-01-12 13:44:31.406,14763,14765,14766,1,1
2023-01-12 13:44:32.149,14763,14765,14763,2,-2
2023-01-12 13:44:32.200,14763,14765,14764,1,-1
2023-01-12 13:44:32.362,14763,14765,14764,1,-1
2023-01-12 13:44:32.380,14763,14765,14765,22,22
2023-01-12 13:44:32.381,14763,14765,14765,17,17
2023-01-12 13:44:32.381,14763,14765,14765,11,11
2023-01-12 13:44:32.492,14763,14766,14763,2,-2
2023-01-12 13:44:33.105,14763,14764,14764,1,1
2023-01-12 13:44:33.210,14763,14764,14763,1,-1
2023-01-12 13:44:34.084,14764,14765,14765,1,1
2023-01-12 13:44:34.115,14764,14765,14765,7,7
2023-01-12 13:44:34.134,14764,14765,14765,1,1
2023-01-12 13:44:34.134,14764,14765,14766,1,1
2023-01-12 13:44:34.174,14764,14765,14766,1,1
2023-01-12 13:44:34.878,14764,14766,14765,20,20
2023-01-12 13:44:35.878,14765,14766,14765,1,-1
2023-01-12 13:44:36.200,14765,14766,14766,1,1
2023-01-12 13:44:36.209,14765,14766,14766,1,1
2023-01-12 13:44:36.273,14765,14766,14766,4,4
2023-01-12 13:44:36.273,14765,14766,14767,1,1
2023-01-12 13:44:37.032,14766,14767,14766,2,-2
2023-01-12 13:44:37.041,14766,14767,14765,1,-1
2023-01-12 13:44:37.566,14765,14766,14765,1,-1
2023-01-12 13:44:37.594,14765,14766,14766,5,5
2023-01-12 13:44:38.516,14765,14766,14765,1,-1
2023-01-12 13:44:39.000,14765,14766,14765,1,-1
2023-01-12 13:44:39.476,14765,14766,14766,1,1
2023-01-12 13:44:39.718,14765,14766,14765,2,-2
2023-01-12 13:44:40.151,14765,14766,14765,1,-1
2023-01-12 13:44:41.715,14765,14766,14766,17,17
2023-01-12 13:44:41.858,14766,14767,14766,1,-1
2023-01-12 13:44:41.955,14766,14767,14766,1,-1
2023-01-12 13:44:42.395,14766,14767,14767,1,1
2023-01-12 13:44:42.422,14766,14767,14766,2,-2
2023-01-12 13:44:42.523,14766,14767,14766,20,-20
2023-01-12 13:44:42.524,14766,14767,14766,3,-3
2023-01-12 13:44:42.524,14766,14767,14766,7,-7
2023-01-12 13:44:42.731,14765,14767,14765,2,-2
2023-01-12 13:44:43.471,14765,14767,14767,1,1
2023-01-12 13:44:43.893,14765,14767,14765,1,-1
2023-01-12 13:44:44.098,14765,14767,14766,1,-1
2023-01-12 13:44:44.281,14765,14766,14766,7,7
2023-01-12 13:44:44.555,14765,14766,14765,5,-5
2023-01-12 13:44:45.002,14765,14766,14765,16,-16
2023-01-12 13:44:45.003,14765,14766,14765,10,-10
2023-01-12 13:44:45.003,14765,14766,14765,2,-2
2023-01-12 13:44:45.003,14765,14766,14766,2,2
2023-01-12 13:44:45.189,14764,14766,14766,16,16
2023-01-12 13:44:45.198,14764,14766,14766,1,1
2023-01-12 13:44:45.337,14766,14767,14766,1,-1
2023-01-12 13:44:45.493,14766,14767,14767,1,1
2023-01-12 13:44:45.501,14766,14767,14767,1,1
2023-01-12 13:44:45.566,14766,14767,14766,1,-1
2023-01-12 13:44:45.925,14766,14767,14766,1,-1
2023-01-12 13:44:46.666,14766,14767,14767,4,4
2023-01-12 13:44:47.276,14766,14767,14767,3,3
2023-01-12 13:44:47.347,14766,14767,14767,2,2
2023-01-12 13:44:49.840,14766,14767,14767,1,1
2023-01-12 13:44:49.845,14766,14767,14767,1,1
2023-01-12 13:44:49.849,14766,14767,14767,2,2
2023-01-12 13:44:49.904,14766,14767,14767,18,18
2023-01-12 13:44:50.099,14767,14768,14767,13,-13
2023-01-12 13:44:50.099,14767,14768,14767,7,-7
2023-01-12 13:44:50.110,14767,14768,14767,1,-1
2023-01-12 13:44:50.524,14767,14768,14767,1,-1
2023-01-12 13:44:50.698,14767,14768,14768,2,2
2023-01-12 13:44:50.744,14767,14768,14768,2,2
2023-01-12 13:44:50.882,14767,14768,14768,1,1
2023-01-12 13:44:51.267,14767,14768,14767,1,-1
2023-01-12 13:44:51.376,14767,14768,14768,3,3
2023-01-12 13:44:51.455,14767,14768,14767,1,-1
2023-01-12 13:44:52.175,14767,14768,14768,1,1
2023-01-12 13:44:52.229,14767,14768,14767,1,-1
2023-01-12 13:44:52.251,14767,14768,14768,2,2
2023-01-12 13:44:53.168,14767,14768,14767,4,-4
2023-01-12 13:44:53.600,14767,14768,14767,1,-1
2023-01-12 13:44:53.627,14767,14768,14768,10,10
2023-01-12 13:44:53.920,14767,14768,14767,1,-1
2023-01-12 13:44:53.963,14767,14768,14768,13,13
2023-01-12 13:44:54.000,14767,14768,14768,1,1
2023-01-12 13:44:54.120,14767,14768,14767,1,-1
2023-01-12 13:44:54.239,14767,14768,14767,1,-1
2023-01-12 13:44:54.414,14767,14768,14768,1,1
2023-01-12 13:44:54.745,14767,14768,14768,10,10
2023-01-12 13:44:55.046,14768,14769,14768,1,-1
2023-01-12 13:44:55.092,14768,14769,14768,1,-1
2023-01-12 13:44:55.120,14768,14769,14769,2,2
2023-01-12 13:44:55.138,14768,14769,14769,2,2
2023-01-12 13:44:55.921,14768,14769,14768,1,-1
2023-01-12 13:44:55.921,14768,14769,14767,2,-2
2023-01-12 13:44:56.032,14767,14769,14769,7,7
2023-01-12 13:44:56.222,14767,14769,14769,1,1
2023-01-12 13:44:56.791,14767,14768,14767,1,-1
2023-01-12 13:44:56.819,14767,14768,14767,1,-1
2023-01-12 13:44:56.912,14767,14768,14768,1,1
2023-01-12 13:44:56.969,14767,14768,14768,1,1
2023-01-12 13:44:57.048,14767,14768,14767,1,-1
2023-01-12 13:44:57.127,14767,14768,14768,2,2
2023-01-12 13:44:57.127,14767,14768,14769,3,3
2023-01-12 13:44:57.215,14767,14768,14768,1,1
2023-01-12 13:44:57.222,14767,14768,14769,9,9
2023-01-12 13:44:57.226,14768,14769,14769,1,1
2023-01-12 13:44:57.226,14768,14769,14769,1,1
2023-01-12 13:44:57.246,14768,14769,14770,1,1
2023-01-12 13:44:57.246,14768,14769,14770,1,1
2023-01-12 13:44:57.457,14768,14770,14768,4,-4
2023-01-12 13:44:57.510,14768,14770,14769,1,-1
2023-01-12 13:44:57.511,14768,14770,14769,1,-1
2023-01-12 13:44:57.734,14769,14770,14770,1,1
2023-01-12 13:44:58.003,14769,14770,14769,2,-2
2023-01-12 13:44:58.004,14769,14770,14769,4,-4
2023-01-12 13:44:58.028,14769,14770,14769,1,-1
2023-01-12 13:44:58.028,14769,14770,14768,9,-9
2023-01-12 13:44:58.152,14767,14769,14767,1,-1
2023-01-12 13:44:58.212,14767,14769,14769,1,1
2023-01-12 13:44:58.212,14767,14769,14770,2,2
2023-01-12 13:44:58.260,14767,14770,14770,4,4
2023-01-12 13:44:58.261,14767,14770,14770,5,5
2023-01-12 13:44:58.371,14768,14770,14770,1,1
2023-01-12 13:44:58.425,14768,14770,14770,5,5
2023-01-12 13:44:58.457,14768,14770,14770,2,2
2023-01-12 13:44:58.741,14769,14770,14769,1,-1
2023-01-12 13:44:58.741,14769,14770,14768,1,-1
2023-01-12 13:44:58.865,14768,14770,14768,2,-2
2023-01-12 13:44:59.176,14768,14770,14768,3,-3
2023-01-12 13:44:59.176,14768,14770,14767,3,-3
2023-01-12 13:44:59.998,14768,14769,14768,1,-1
