0,2021-06-23 15:00:00,17281,17283,17278,17281,478
1,2021-06-23 15:01:00,17280,17283,17274,17283,660
2,2021-06-23 15:02:00,17283,17288,17282,17286,984
3,2021-06-23 15:03:00,17287,17292,17285,17287,1294
4,2021-06-23 15:04:00,17286,17293,17286,17290,1476
5,2021-06-23 15:05:00,17291,17293,17289,17290,1616
6,2021-06-23 15:06:00,17289,17292,17287,17288,1680
7,2021-06-23 15:07:00,17287,17296,17287,17292,1992
8,2021-06-23 15:08:00,17293,17295,17292,17293,2072
9,2021-06-23 15:09:00,17294,17294,17291,17292,2126
10,2021-06-23 15:10:00,17291,17293,17288,17290,2206
11,2021-06-23 15:11:00,17291,17291,17288,17288,2222
12,2021-06-23 15:12:00,17289,17290,17283,17283,2286
13,2021-06-23 15:13:00,17284,17285,17278,17278,2434
14,2021-06-23 15:14:00,17278,17278,17271,17271,2624
15,2021-06-23 15:15:00,17271,17275,17268,17274,2820
16,2021-06-23 15:16:00,17275,17276,17272,17273,2966
17,2021-06-23 15:17:00,17274,17278,17273,17277,2998
18,2021-06-23 15:18:00,17277,17279,17277,17278,3044
19,2021-06-23 15:19:00,17278,17279,17274,17275,3118
20,2021-06-23 15:20:00,17274,17276,17272,17275,3242
21,2021-06-23 15:21:00,17277,17280,17276,17277,3294
22,2021-06-23 15:22:00,17276,17276,17273,17275,3326
23,2021-06-23 15:23:00,17275,17275,17272,17272,3338
24,2021-06-23 15:24:00,17273,17274,17270,17272,3384
25,2021-06-23 15:25:00,17271,17272,17269,17269,3456
26,2021-06-23 15:26:00,17269,17269,17257,17262,3870
27,2021-06-23 15:27:00,17262,17263,17258,17258,3968
28,2021-06-23 15:28:00,17258,17260,17256,17260,4072
29,2021-06-23 15:29:00,17260,17267,17260,17267,4172
30,2021-06-23 15:30:00,17263,17268,17262,17267,4296
31,2021-06-23 15:31:00,17266,17267,17263,17267,4372
32,2021-06-23 15:32:00,17267,17267,17262,17262,4424
33,2021-06-23 15:33:00,17262,17263,17260,17261,4474
34,2021-06-23 15:34:00,17261,17264,17260,17264,4506
35,2021-06-23 15:35:00,17263,17264,17262,17262,4520
36,2021-06-23 15:36:00,17262,17264,17262,17263,4590
37,2021-06-23 15:37:00,17262,17264,17262,17264,4608
38,2021-06-23 15:38:00,17264,17267,17264,17266,4638
39,2021-06-23 15:39:00,17265,17266,17265,17265,4658
40,2021-06-23 15:40:00,17265,17265,17265,17265,4688
41,2021-06-23 15:41:00,17264,17266,17263,17266,4738
42,2021-06-23 15:42:00,17265,17266,17265,17265,4760
43,2021-06-23 15:43:00,17266,17270,17266,17270,4852
44,2021-06-23 15:44:00,17269,17270,17269,17269,4912
45,2021-06-23 15:45:00,17269,17269,17267,17268,4944
46,2021-06-23 15:46:00,17268,17269,17268,17269,4974
47,2021-06-23 15:47:00,17269,17273,17269,17272,5046
48,2021-06-23 15:48:00,17272,17272,17268,17269,5076
49,2021-06-23 15:49:00,17269,17269,17265,17265,5162
50,2021-06-23 15:50:00,17265,17267,17265,17267,5208
51,2021-06-23 15:51:00,17266,17266,17262,17262,5264
52,2021-06-23 15:52:00,17262,17264,17261,17264,5320
53,2021-06-23 15:53:00,17264,17265,17263,17264,5342
54,2021-06-23 15:54:00,17263,17263,17262,17262,5354
55,2021-06-23 15:55:00,17262,17262,17252,17256,5602
56,2021-06-23 15:56:00,17257,17262,17257,17262,5640
57,2021-06-23 15:57:00,17262,17263,17260,17262,5686
58,2021-06-23 15:58:00,17264,17264,17262,17264,5704
59,2021-06-23 15:59:00,17264,17265,17263,17263,5728
60,2021-06-23 16:00:00,17262,17268,17262,17267,5836
61,2021-06-23 16:01:00,17267,17268,17266,17267,5874
62,2021-06-23 16:02:00,17267,17269,17267,17268,5922
63,2021-06-23 16:03:00,17268,17269,17266,17267,6000
64,2021-06-23 16:04:00,17268,17268,17265,17265,6034
65,2021-06-23 16:05:00,17265,17266,17264,17266,6048
66,2021-06-23 16:06:00,17266,17266,17265,17266,6056
67,2021-06-23 16:07:00,17265,17265,17264,17264,6068
68,2021-06-23 16:08:00,17266,17268,17266,17267,6096
69,2021-06-23 16:09:00,17265,17265,17263,17265,6088
70,2021-06-23 16:10:00,17267,17267,17262,17262,6114
71,2021-06-23 16:11:00,17262,17264,17262,17262,6166
72,2021-06-23 16:12:00,17262,17263,17261,17263,6204
73,2021-06-23 16:13:00,17263,17264,17263,17264,6224
74,2021-06-23 16:14:00,17264,17264,17263,17263,6264
75,2021-06-23 16:15:00,17262,17264,17260,17260,6340
76,2021-06-23 16:16:00,17263,17267,17263,17267,6372
77,2021-06-23 16:17:00,17267,17268,17267,17268,6408
78,2021-06-23 16:18:00,17269,17269,17268,17268,6428
79,2021-06-23 16:19:00,17268,17272,17268,17271,6544
80,2021-06-23 16:20:00,17271,17271,17269,17270,6598
81,2021-06-23 16:21:00,17270,17271,17268,17271,6624
82,2021-06-23 16:22:00,17271,17271,17270,17270,6638
83,2021-06-23 16:23:00,17270,17270,17270,17270,6656
84,2021-06-23 16:24:00,17269,17270,17269,17270,6664
85,2021-06-23 16:25:00,17269,17269,17266,17266,6684
86,2021-06-23 16:26:00,17267,17267,17266,17266,6698
87,2021-06-23 16:27:00,17266,17266,17265,17265,6714
88,2021-06-23 16:28:00,17265,17265,17264,17264,6738
89,2021-06-23 16:29:00,17265,17266,17264,17264,6760
90,2021-06-23 16:30:00,17264,17264,17261,17261,6804
91,2021-06-23 16:31:00,17262,17264,17261,17261,6834
92,2021-06-23 16:32:00,17261,17263,17258,17263,6932
93,2021-06-23 16:33:00,17264,17267,17264,17265,7004
94,2021-06-23 16:34:00,17265,17265,17261,17261,7014
95,2021-06-23 16:35:00,17262,17265,17261,17265,7042
96,2021-06-23 16:36:00,17266,17268,17266,17267,7060
97,2021-06-23 16:37:00,17266,17267,17266,17267,7070
98,2021-06-23 16:38:00,17266,17266,17266,17266,7078
99,2021-06-23 16:39:00,17266,17268,17266,17268,7094
100,2021-06-23 16:40:00,17268,17270,17267,17269,7140
101,2021-06-23 16:41:00,17268,17268,17266,17266,7152
102,2021-06-23 16:42:00,17266,17266,17264,17265,7164
103,2021-06-23 16:43:00,17265,17266,17264,17264,7168
104,2021-06-23 16:44:00,17265,17266,17265,17266,7180
105,2021-06-23 16:45:00,17266,17267,17265,17265,7186
106,2021-06-23 16:46:00,17265,17265,17264,17265,7248
107,2021-06-23 16:47:00,17264,17266,17264,17265,7258
108,2021-06-23 16:48:00,17266,17267,17265,17265,7266
109,2021-06-23 16:49:00,17266,17267,17266,17267,7310
110,2021-06-23 16:50:00,17266,17266,17266,17266,7314
111,2021-06-23 16:51:00,17265,17266,17263,17266,7374
112,2021-06-23 16:52:00,17266,17266,17265,17265,7374
113,2021-06-23 16:53:00,17267,17267,17266,17266,7376
114,2021-06-23 16:54:00,17266,17266,17266,17266,7386
115,2021-06-23 16:55:00,17266,17266,17263,17264,7400
116,2021-06-23 16:56:00,17263,17264,17262,17262,7408
117,2021-06-23 16:57:00,17262,17264,17262,17264,7412
118,2021-06-23 16:58:00,17262,17262,17258,17261,7564
119,2021-06-23 16:59:00,17261,17262,17261,17261,7574
120,2021-06-23 17:00:00,17263,17264,17260,17260,7608
121,2021-06-23 17:01:00,17259,17259,17254,17255,7728
122,2021-06-23 17:02:00,17254,17254,17251,17252,7896
123,2021-06-23 17:03:00,17252,17253,17251,17252,7946
124,2021-06-23 17:04:00,17253,17254,17251,17252,8010
125,2021-06-23 17:05:00,17252,17252,17242,17246,8370
126,2021-06-23 17:06:00,17245,17246,17240,17242,8656
127,2021-06-23 17:07:00,17243,17246,17241,17245,8904
128,2021-06-23 17:08:00,17245,17247,17244,17247,9004
129,2021-06-23 17:09:00,17246,17248,17246,17248,9042
130,2021-06-23 17:10:00,17247,17247,17244,17245,9144
131,2021-06-23 17:11:00,17244,17245,17241,17243,9210
132,2021-06-23 17:12:00,17244,17249,17244,17249,9308
133,2021-06-23 17:13:00,17249,17253,17249,17253,9398
134,2021-06-23 17:14:00,17253,17255,17251,17255,9606
135,2021-06-23 17:15:00,17255,17255,17252,17254,9686
136,2021-06-23 17:16:00,17253,17254,17252,17254,9718
137,2021-06-23 17:17:00,17254,17255,17254,17255,9730
138,2021-06-23 17:18:00,17255,17256,17253,17253,9788
139,2021-06-23 17:19:00,17253,17253,17251,17252,9832
140,2021-06-23 17:20:00,17251,17253,17250,17250,9892
141,2021-06-23 17:21:00,17251,17253,17251,17252,10008
142,2021-06-23 17:22:00,17251,17252,17251,17252,10040
143,2021-06-23 17:23:00,17252,17252,17251,17251,10112
144,2021-06-23 17:24:00,17251,17252,17251,17252,10142
145,2021-06-23 17:25:00,17252,17252,17249,17249,10244
146,2021-06-23 17:26:00,17248,17252,17248,17250,10354
147,2021-06-23 17:27:00,17251,17253,17251,17252,10402
148,2021-06-23 17:28:00,17252,17254,17252,17254,10430
149,2021-06-23 17:29:00,17254,17255,17253,17255,10456
150,2021-06-23 17:30:00,17255,17255,17253,17254,10474
151,2021-06-23 17:31:00,17254,17256,17254,17256,10498
152,2021-06-23 17:32:00,17256,17257,17256,17257,10528
153,2021-06-23 17:33:00,17257,17258,17257,17258,10562
154,2021-06-23 17:34:00,17258,17259,17258,17258,10644
155,2021-06-23 17:35:00,17258,17259,17258,17259,10664
156,2021-06-23 17:36:00,17258,17261,17257,17260,10740
157,2021-06-23 17:37:00,17260,17261,17259,17259,10754
158,2021-06-23 17:38:00,17260,17262,17260,17262,10796
159,2021-06-23 17:39:00,17262,17262,17258,17258,10860
160,2021-06-23 17:40:00,17259,17259,17258,17259,10892
161,2021-06-23 17:41:00,17259,17260,17259,17259,11116
162,2021-06-23 17:42:00,17259,17260,17259,17260,11126
163,2021-06-23 17:43:00,17260,17260,17259,17259,11138
164,2021-06-23 17:44:00,17259,17260,17259,17260,11150
165,2021-06-23 17:45:00,17260,17261,17260,17261,11182
166,2021-06-23 17:46:00,17261,17262,17259,17261,11200
167,2021-06-23 17:47:00,17259,17261,17258,17260,11222
168,2021-06-23 17:48:00,17260,17261,17260,17261,11238
169,2021-06-23 17:49:00,17261,17265,17261,17265,11328
170,2021-06-23 17:50:00,17265,17267,17265,17267,11460
171,2021-06-23 17:51:00,17266,17268,17265,17267,11626
172,2021-06-23 17:52:00,17268,17269,17267,17267,11666
173,2021-06-23 17:53:00,17267,17267,17266,17266,11698
174,2021-06-23 17:54:00,17266,17266,17264,17265,11726
175,2021-06-23 17:55:00,17264,17265,17262,17263,11746
176,2021-06-23 17:56:00,17263,17265,17263,17263,11764
177,2021-06-23 17:57:00,17264,17265,17264,17264,11792
178,2021-06-23 17:58:00,17264,17264,17262,17262,11812
179,2021-06-23 17:59:00,17262,17262,17259,17261,11832
180,2021-06-23 18:00:00,17260,17260,17258,17259,11846
181,2021-06-23 18:01:00,17259,17260,17257,17260,11900
182,2021-06-23 18:02:00,17258,17258,17257,17258,11906
183,2021-06-23 18:03:00,17257,17257,17256,17257,11938
184,2021-06-23 18:04:00,17257,17259,17257,17258,11966
185,2021-06-23 18:05:00,17257,17257,17257,17257,11972
186,2021-06-23 18:06:00,17257,17257,17253,17254,11998
187,2021-06-23 18:07:00,17254,17257,17254,17257,12034
188,2021-06-23 18:08:00,17259,17260,17258,17258,12088
189,2021-06-23 18:09:00,17258,17258,17257,17258,12094
190,2021-06-23 18:10:00,17257,17257,17256,17256,12106
191,2021-06-23 18:11:00,17256,17256,17255,17255,12112
192,2021-06-23 18:12:00,17255,17256,17254,17255,12140
193,2021-06-23 18:13:00,17257,17259,17257,17259,12238
194,2021-06-23 18:14:00,17259,17259,17258,17258,12242
195,2021-06-23 18:15:00,17259,17259,17256,17259,12402
196,2021-06-23 18:16:00,17259,17261,17259,17260,12564
197,2021-06-23 18:17:00,17260,17261,17259,17259,12590
198,2021-06-23 18:19:00,17259,17259,17259,17259,12594
199,2021-06-23 18:20:00,17260,17260,17260,17260,12610
200,2021-06-23 18:21:00,17260,17260,17258,17258,12618
201,2021-06-23 18:22:00,17260,17261,17260,17261,12654
202,2021-06-23 18:23:00,17261,17264,17261,17264,12678
203,2021-06-23 18:24:00,17262,17267,17262,17267,12716
204,2021-06-23 18:25:00,17266,17267,17266,17267,12772
205,2021-06-23 18:26:00,17267,17268,17266,17267,12842
206,2021-06-23 18:27:00,17266,17266,17264,17264,12858
207,2021-06-23 18:28:00,17265,17266,17265,17266,12882
208,2021-06-23 18:29:00,17266,17267,17266,17266,12892
209,2021-06-23 18:30:00,17266,17267,17266,17267,12908
210,2021-06-23 18:31:00,17268,17268,17267,17267,12916
211,2021-06-23 18:32:00,17268,17268,17265,17265,12938
212,2021-06-23 18:33:00,17264,17266,17264,17266,12948
213,2021-06-23 18:34:00,17265,17265,17265,17265,12952
214,2021-06-23 18:35:00,17265,17265,17265,17265,12958
215,2021-06-23 18:36:00,17264,17264,17264,17264,12962
216,2021-06-23 18:37:00,17263,17263,17261,17262,12966
217,2021-06-23 18:38:00,17262,17263,17262,17263,12982
218,2021-06-23 18:39:00,17263,17266,17263,17265,12996
219,2021-06-23 18:40:00,17265,17265,17265,17265,12998
220,2021-06-23 18:41:00,17265,17266,17265,17266,13018
221,2021-06-23 18:42:00,17266,17266,17266,17266,13020
222,2021-06-23 18:43:00,17264,17265,17264,17265,13028
223,2021-06-23 18:44:00,17265,17265,17264,17264,13032
224,2021-06-23 18:45:00,17264,17265,17264,17265,13038
225,2021-06-23 18:46:00,17266,17266,17266,17266,13044
226,2021-06-23 18:47:00,17264,17264,17264,17264,13042
227,2021-06-23 18:48:00,17265,17265,17264,17264,13042
228,2021-06-23 18:49:00,17265,17265,17264,17264,13042
229,2021-06-23 18:50:00,17264,17265,17263,17264,13062
230,2021-06-23 18:52:00,17264,17264,17264,17264,13066
231,2021-06-23 18:53:00,17263,17263,17263,17263,13066
232,2021-06-23 18:54:00,17262,17262,17259,17259,13110
233,2021-06-23 18:55:00,17259,17259,17257,17257,13158
234,2021-06-23 18:56:00,17257,17258,17255,17258,13272
235,2021-06-23 18:57:00,17257,17257,17254,17254,13322
236,2021-06-23 18:58:00,17254,17254,17251,17252,13402
237,2021-06-23 18:59:00,17252,17255,17249,17255,13518
238,2021-06-23 19:00:00,17254,17256,17252,17252,13572
239,2021-06-23 19:01:00,17253,17253,17250,17252,13598
240,2021-06-23 19:02:00,17253,17253,17252,17252,13620
241,2021-06-23 19:03:00,17253,17253,17251,17251,13724
242,2021-06-23 19:04:00,17251,17253,17251,17251,13794
243,2021-06-23 19:05:00,17251,17252,17248,17252,13972
244,2021-06-23 19:06:00,17253,17255,17253,17255,14004
245,2021-06-23 19:07:00,17254,17255,17253,17254,14040
246,2021-06-23 19:08:00,17255,17256,17254,17255,14048
247,2021-06-23 19:10:00,17255,17255,17248,17248,14136
248,2021-06-23 19:11:00,17247,17253,17246,17250,14212
249,2021-06-23 19:12:00,17252,17252,17250,17250,14328
250,2021-06-23 19:13:00,17250,17252,17250,17252,14404
251,2021-06-23 19:14:00,17253,17253,17253,17253,14414
252,2021-06-23 19:15:00,17253,17255,17252,17255,14434
253,2021-06-23 19:16:00,17256,17256,17255,17255,14456
254,2021-06-23 19:17:00,17256,17256,17253,17253,14462
255,2021-06-23 19:18:00,17253,17253,17253,17253,14472
256,2021-06-23 19:19:00,17254,17254,17254,17254,14484
257,2021-06-23 19:20:00,17254,17254,17253,17253,14488
258,2021-06-23 19:21:00,17251,17251,17242,17246,14620
259,2021-06-23 19:22:00,17246,17246,17243,17243,14658
260,2021-06-23 19:23:00,17244,17244,17242,17242,14774
261,2021-06-23 19:24:00,17243,17247,17242,17247,14886
262,2021-06-23 19:25:00,17246,17249,17245,17246,14906
263,2021-06-23 19:26:00,17246,17247,17245,17245,14942
264,2021-06-23 19:27:00,17245,17246,17243,17243,15024
265,2021-06-23 19:28:00,17243,17248,17243,17248,15146
266,2021-06-23 19:29:00,17248,17248,17248,17248,15228
267,2021-06-23 19:30:00,17248,17249,17248,17248,15264
268,2021-06-23 19:31:00,17248,17249,17248,17249,15288
269,2021-06-23 19:32:00,17250,17252,17249,17250,15336
270,2021-06-23 19:33:00,17251,17252,17250,17251,15352
271,2021-06-23 19:34:00,17252,17255,17252,17255,15436
272,2021-06-23 19:35:00,17255,17256,17254,17256,15490
273,2021-06-23 19:36:00,17256,17256,17254,17255,15536
274,2021-06-23 19:37:00,17254,17254,17251,17251,15592
275,2021-06-23 19:38:00,17251,17253,17249,17252,15604
276,2021-06-23 19:39:00,17253,17255,17252,17254,15636
277,2021-06-23 19:40:00,17255,17257,17255,17257,15674
278,2021-06-23 19:41:00,17256,17256,17255,17255,15680
279,2021-06-23 19:42:00,17256,17256,17254,17254,15702
280,2021-06-23 19:43:00,17254,17256,17254,17256,15710
281,2021-06-23 19:44:00,17257,17259,17257,17259,15754
282,2021-06-23 19:45:00,17258,17259,17257,17257,15786
283,2021-06-23 19:46:00,17257,17258,17255,17255,15814
284,2021-06-23 19:47:00,17254,17256,17254,17255,15824
285,2021-06-23 19:48:00,17256,17257,17256,17257,15828
286,2021-06-23 19:49:00,17258,17259,17258,17259,15846
287,2021-06-23 19:50:00,17259,17259,17258,17258,15864
288,2021-06-23 19:51:00,17258,17258,17258,17258,15868
289,2021-06-23 19:52:00,17258,17260,17258,17260,15932
290,2021-06-23 19:53:00,17260,17260,17259,17259,15948
291,2021-06-23 19:54:00,17260,17260,17259,17259,15974
292,2021-06-23 19:55:00,17258,17259,17258,17259,15976
293,2021-06-23 19:56:00,17260,17262,17260,17261,16078
294,2021-06-23 19:57:00,17261,17262,17261,17261,16094
295,2021-06-23 19:58:00,17261,17262,17261,17262,16114
296,2021-06-23 19:59:00,17261,17265,17261,17262,16196
297,2021-06-23 20:00:00,17264,17265,17261,17262,16238
298,2021-06-23 20:01:00,17262,17263,17260,17261,16264
299,2021-06-23 20:02:00,17261,17262,17260,17262,16298
300,2021-06-23 20:03:00,17263,17264,17263,17264,16318
301,2021-06-23 20:04:00,17262,17262,17260,17260,16326
302,2021-06-23 20:05:00,17260,17260,17260,17260,16344
303,2021-06-23 20:06:00,17259,17261,17259,17261,16352
304,2021-06-23 20:07:00,17261,17261,17260,17260,16368
305,2021-06-23 20:08:00,17260,17262,17260,17262,16388
306,2021-06-23 20:09:00,17262,17263,17262,17263,16406
307,2021-06-23 20:10:00,17263,17266,17263,17266,16438
308,2021-06-23 20:11:00,17267,17268,17266,17267,16566
309,2021-06-23 20:12:00,17268,17271,17268,17271,16786
310,2021-06-23 20:13:00,17271,17278,17271,17275,17184
311,2021-06-23 20:14:00,17276,17278,17274,17278,17282
312,2021-06-23 20:15:00,17278,17279,17276,17276,17392
313,2021-06-23 20:16:00,17277,17282,17277,17281,17716
314,2021-06-23 20:17:00,17281,17282,17279,17279,17828
315,2021-06-23 20:18:00,17279,17279,17275,17277,17896
316,2021-06-23 20:19:00,17276,17277,17275,17275,17928
317,2021-06-23 20:20:00,17276,17279,17275,17278,17986
318,2021-06-23 20:21:00,17279,17281,17279,17280,18038
319,2021-06-23 20:22:00,17279,17280,17276,17276,18064
320,2021-06-23 20:23:00,17276,17278,17276,17278,18092
321,2021-06-23 20:24:00,17279,17279,17274,17274,18170
322,2021-06-23 20:25:00,17275,17276,17275,17276,18200
323,2021-06-23 20:26:00,17276,17276,17274,17276,18226
324,2021-06-23 20:27:00,17276,17276,17272,17273,18286
325,2021-06-23 20:28:00,17273,17275,17273,17274,18338
326,2021-06-23 20:29:00,17273,17273,17272,17272,18394
327,2021-06-23 20:30:00,17272,17275,17272,17274,18440
328,2021-06-23 20:31:00,17274,17274,17271,17272,18466
329,2021-06-23 20:32:00,17274,17277,17274,17277,18508
330,2021-06-23 20:33:00,17276,17277,17272,17272,18540
331,2021-06-23 20:34:00,17272,17272,17271,17272,18552
332,2021-06-23 20:35:00,17272,17275,17272,17272,18562
333,2021-06-23 20:36:00,17272,17273,17272,17272,18568
334,2021-06-23 20:37:00,17273,17274,17273,17273,18594
335,2021-06-23 20:38:00,17274,17276,17274,17276,18622
336,2021-06-23 20:39:00,17277,17279,17276,17278,18694
337,2021-06-23 20:40:00,17278,17280,17278,17279,18740
338,2021-06-23 20:41:00,17279,17280,17277,17280,18818
339,2021-06-23 20:42:00,17280,17283,17280,17282,18946
340,2021-06-23 20:43:00,17282,17283,17280,17280,18982
341,2021-06-23 20:44:00,17280,17281,17277,17277,19004
342,2021-06-23 20:45:00,17277,17280,17276,17280,19048
343,2021-06-23 20:46:00,17278,17278,17277,17278,19060
344,2021-06-23 20:47:00,17279,17279,17279,17279,19070
345,2021-06-23 20:48:00,17278,17279,17278,17278,19084
346,2021-06-23 20:49:00,17277,17277,17275,17275,19110
347,2021-06-23 20:50:00,17275,17276,17273,17276,19138
348,2021-06-23 20:51:00,17277,17277,17276,17277,19156
349,2021-06-23 20:52:00,17276,17276,17275,17275,19158
350,2021-06-23 20:53:00,17275,17278,17275,17278,19184
351,2021-06-23 20:54:00,17278,17279,17278,17278,19190
352,2021-06-23 20:55:00,17278,17279,17277,17278,19204
353,2021-06-23 20:56:00,17278,17278,17277,17277,19218
354,2021-06-23 20:57:00,17277,17278,17275,17276,19236
355,2021-06-23 20:58:00,17277,17277,17277,17277,19240
356,2021-06-23 20:59:00,17277,17277,17276,17277,19244
357,2021-06-23 21:00:00,17277,17277,17277,17277,19252
358,2021-06-23 21:01:00,17277,17277,17276,17276,19264
359,2021-06-23 21:02:00,17276,17276,17275,17275,19274
360,2021-06-23 21:03:00,17276,17276,17275,17275,19276
361,2021-06-23 21:04:00,17275,17275,17275,17275,19284
362,2021-06-23 21:05:00,17276,17279,17276,17279,19320
363,2021-06-23 21:06:00,17279,17279,17278,17278,19330
364,2021-06-23 21:07:00,17278,17278,17278,17278,19336
365,2021-06-23 21:08:00,17279,17279,17278,17279,19346
366,2021-06-23 21:09:00,17280,17280,17277,17277,19368
367,2021-06-23 21:10:00,17277,17277,17275,17276,19380
368,2021-06-23 21:11:00,17277,17277,17277,17277,19396
369,2021-06-23 21:12:00,17276,17277,17276,17277,19400
370,2021-06-23 21:13:00,17278,17279,17278,17278,19414
371,2021-06-23 21:14:00,17277,17277,17277,17277,19412
372,2021-06-23 21:15:00,17277,17279,17277,17279,19436
373,2021-06-23 21:16:00,17279,17279,17279,17279,19454
374,2021-06-23 21:17:00,17280,17280,17275,17275,19476
375,2021-06-23 21:18:00,17275,17275,17274,17275,19502
376,2021-06-23 21:19:00,17275,17276,17274,17275,19510
377,2021-06-23 21:20:00,17274,17278,17274,17275,19586
378,2021-06-23 21:21:00,17274,17274,17273,17273,19612
379,2021-06-23 21:22:00,17273,17275,17273,17275,19646
380,2021-06-23 21:23:00,17275,17276,17275,17275,19684
381,2021-06-23 21:24:00,17276,17276,17272,17274,19700
382,2021-06-23 21:25:00,17273,17274,17272,17273,19766
383,2021-06-23 21:26:00,17273,17273,17271,17271,19812
384,2021-06-23 21:27:00,17271,17271,17269,17269,19868
385,2021-06-23 21:28:00,17270,17270,17268,17269,19906
386,2021-06-23 21:29:00,17269,17274,17269,17274,19936
387,2021-06-23 21:30:00,17274,17275,17270,17270,20036
388,2021-06-23 21:31:00,17270,17279,17266,17279,20244
389,2021-06-23 21:32:00,17279,17285,17277,17279,20628
390,2021-06-23 21:33:00,17279,17284,17278,17283,20762
391,2021-06-23 21:34:00,17285,17290,17285,17290,21046
392,2021-06-23 21:35:00,17290,17291,17287,17290,21228
393,2021-06-23 21:36:00,17289,17290,17285,17285,21348
394,2021-06-23 21:37:00,17285,17287,17285,17285,21442
395,2021-06-23 21:38:00,17286,17287,17284,17284,21480
396,2021-06-23 21:39:00,17284,17285,17283,17283,21632
397,2021-06-23 21:40:00,17284,17286,17283,17286,21728
398,2021-06-23 21:41:00,17287,17291,17285,17289,21948
399,2021-06-23 21:42:00,17288,17292,17288,17290,22088
400,2021-06-23 21:43:00,17289,17293,17289,17292,22212
401,2021-06-23 21:44:00,17293,17298,17292,17298,22602
402,2021-06-23 21:45:00,17298,17300,17298,17300,22920
403,2021-06-23 21:46:00,17300,17303,17299,17302,23200
404,2021-06-23 21:47:00,17302,17302,17295,17297,23372
405,2021-06-23 21:48:00,17295,17300,17295,17296,23578
406,2021-06-23 21:49:00,17296,17296,17294,17294,23642
407,2021-06-23 21:50:00,17293,17294,17289,17294,23832
408,2021-06-23 21:51:00,17293,17293,17290,17292,23904
409,2021-06-23 21:52:00,17292,17292,17288,17291,24020
410,2021-06-23 21:53:00,17290,17291,17287,17288,24134
411,2021-06-23 21:54:00,17288,17289,17283,17288,24366
412,2021-06-23 21:55:00,17286,17293,17286,17292,24440
413,2021-06-23 21:56:00,17292,17295,17292,17293,24536
414,2021-06-23 21:57:00,17293,17297,17293,17297,24710
415,2021-06-23 21:58:00,17296,17301,17295,17299,24878
416,2021-06-23 21:59:00,17299,17300,17296,17297,24940
417,2021-06-23 22:00:00,17296,17301,17296,17301,25040
418,2021-06-23 22:01:00,17301,17302,17295,17295,25150
419,2021-06-23 22:02:00,17294,17296,17292,17292,25236
420,2021-06-23 22:03:00,17292,17294,17290,17294,25312
421,2021-06-23 22:04:00,17295,17295,17293,17295,25336
422,2021-06-23 22:05:00,17294,17295,17293,17295,25362
423,2021-06-23 22:06:00,17295,17296,17294,17294,25392
424,2021-06-23 22:07:00,17295,17298,17295,17298,25436
425,2021-06-23 22:08:00,17297,17302,17297,17302,25580
426,2021-06-23 22:09:00,17301,17301,17296,17299,25644
427,2021-06-23 22:10:00,17299,17300,17294,17294,25754
428,2021-06-23 22:11:00,17293,17295,17291,17294,25838
429,2021-06-23 22:12:00,17295,17300,17295,17300,25948
430,2021-06-23 22:13:00,17300,17300,17298,17298,25954
431,2021-06-23 22:14:00,17299,17300,17298,17300,26044
432,2021-06-23 22:15:00,17301,17309,17301,17309,26394
433,2021-06-23 22:16:00,17308,17309,17304,17305,26506
434,2021-06-23 22:17:00,17305,17310,17304,17310,26660
435,2021-06-23 22:18:00,17311,17312,17308,17309,26976
436,2021-06-23 22:19:00,17308,17310,17306,17310,27094
437,2021-06-23 22:20:00,17310,17311,17309,17310,27156
438,2021-06-23 22:21:00,17311,17313,17310,17313,27310
439,2021-06-23 22:22:00,17313,17313,17308,17308,27432
440,2021-06-23 22:23:00,17309,17309,17304,17306,27568
441,2021-06-23 22:24:00,17305,17308,17305,17308,27614
442,2021-06-23 22:25:00,17309,17311,17308,17308,27688
443,2021-06-23 22:26:00,17308,17310,17306,17306,27704
444,2021-06-23 22:27:00,17307,17308,17305,17307,27726
445,2021-06-23 22:28:00,17307,17307,17303,17304,27816
446,2021-06-23 22:29:00,17303,17304,17302,17304,27880
447,2021-06-23 22:30:00,17304,17306,17302,17302,27948
448,2021-06-23 22:31:00,17302,17302,17298,17301,28160
449,2021-06-23 22:32:00,17300,17300,17298,17298,28216
450,2021-06-23 22:33:00,17298,17298,17294,17295,28366
451,2021-06-23 22:34:00,17295,17300,17294,17300,28460
452,2021-06-23 22:35:00,17299,17301,17297,17299,28554
453,2021-06-23 22:36:00,17298,17298,17295,17295,28598
454,2021-06-23 22:37:00,17295,17299,17295,17299,28656
455,2021-06-23 22:38:00,17299,17300,17298,17298,28688
456,2021-06-23 22:39:00,17298,17298,17295,17295,28708
457,2021-06-23 22:40:00,17295,17298,17295,17297,28736
458,2021-06-23 22:41:00,17296,17299,17296,17299,28754
459,2021-06-23 22:42:00,17298,17298,17296,17296,28788
460,2021-06-23 22:43:00,17296,17296,17295,17295,28802
461,2021-06-23 22:44:00,17295,17298,17295,17298,28848
462,2021-06-23 22:45:00,17299,17301,17299,17301,28900
463,2021-06-23 22:46:00,17301,17301,17296,17297,28964
464,2021-06-23 22:47:00,17295,17296,17294,17295,29004
465,2021-06-23 22:48:00,17295,17295,17293,17293,29096
466,2021-06-23 22:49:00,17293,17295,17292,17294,29148
467,2021-06-23 22:50:00,17295,17296,17295,17295,29182
468,2021-06-23 22:51:00,17295,17295,17292,17293,29230
469,2021-06-23 22:52:00,17293,17295,17293,17295,29266
470,2021-06-23 22:53:00,17296,17298,17296,17297,29344
471,2021-06-23 22:54:00,17296,17298,17296,17297,29412
472,2021-06-23 22:55:00,17297,17298,17295,17296,29446
473,2021-06-23 22:56:00,17295,17295,17294,17294,29484
474,2021-06-23 22:57:00,17294,17294,17292,17294,29526
475,2021-06-23 22:58:00,17294,17295,17294,17295,29568
476,2021-06-23 22:59:00,17293,17295,17293,17295,29598
477,2021-06-23 23:00:00,17296,17297,17292,17292,29720
478,2021-06-23 23:01:00,17291,17293,17282,17284,30082
479,2021-06-23 23:02:00,17285,17286,17283,17285,30218
480,2021-06-23 23:03:00,17285,17285,17275,17278,30574
481,2021-06-23 23:04:00,17280,17281,17275,17276,30844
482,2021-06-23 23:05:00,17276,17278,17274,17277,31042
483,2021-06-23 23:06:00,17276,17278,17274,17277,31190
484,2021-06-23 23:07:00,17277,17280,17277,17280,31280
485,2021-06-23 23:08:00,17280,17282,17278,17280,31336
486,2021-06-23 23:09:00,17280,17280,17272,17272,31400
487,2021-06-23 23:10:00,17272,17276,17271,17276,31610
488,2021-06-23 23:11:00,17275,17278,17275,17278,31662
489,2021-06-23 23:12:00,17277,17277,17274,17277,31752
490,2021-06-23 23:13:00,17275,17279,17275,17279,31810
491,2021-06-23 23:14:00,17280,17281,17278,17281,31858
492,2021-06-23 23:15:00,17281,17281,17278,17280,31904
493,2021-06-23 23:16:00,17280,17282,17279,17281,31942
494,2021-06-23 23:17:00,17280,17281,17279,17279,31952
495,2021-06-23 23:18:00,17279,17281,17277,17280,32018
496,2021-06-23 23:19:00,17280,17281,17279,17281,32038
497,2021-06-23 23:20:00,17281,17283,17280,17280,32134
498,2021-06-23 23:21:00,17280,17282,17279,17281,32168
499,2021-06-23 23:22:00,17281,17284,17281,17283,32202
500,2021-06-23 23:23:00,17284,17284,17283,17283,32228
501,2021-06-23 23:24:00,17282,17284,17282,17284,32238
502,2021-06-23 23:25:00,17284,17284,17283,17283,32274
503,2021-06-23 23:26:00,17283,17284,17281,17284,32314
504,2021-06-23 23:27:00,17284,17284,17283,17284,32336
505,2021-06-23 23:28:00,17285,17286,17282,17282,32356
506,2021-06-23 23:29:00,17282,17282,17280,17280,32386
507,2021-06-23 23:30:00,17279,17281,17276,17276,32426
508,2021-06-23 23:31:00,17276,17277,17273,17274,32522
509,2021-06-23 23:32:00,17274,17278,17272,17278,32580
510,2021-06-23 23:33:00,17279,17279,17274,17274,32602
511,2021-06-23 23:34:00,17274,17274,17272,17273,32662
512,2021-06-23 23:35:00,17274,17275,17272,17275,32750
513,2021-06-23 23:36:00,17274,17276,17274,17276,32816
514,2021-06-23 23:37:00,17277,17278,17276,17278,32854
515,2021-06-23 23:38:00,17279,17280,17279,17280,32886
516,2021-06-23 23:39:00,17280,17281,17280,17280,32948
517,2021-06-23 23:40:00,17280,17286,17279,17286,33072
518,2021-06-23 23:41:00,17286,17287,17285,17285,33130
519,2021-06-23 23:42:00,17286,17288,17286,17287,33170
520,2021-06-23 23:43:00,17287,17288,17286,17286,33210
521,2021-06-23 23:44:00,17286,17286,17285,17285,33244
522,2021-06-23 23:45:00,17286,17287,17285,17286,33264
523,2021-06-23 23:46:00,17287,17289,17286,17288,33300
524,2021-06-23 23:47:00,17288,17290,17288,17288,33352
525,2021-06-23 23:48:00,17288,17289,17287,17287,33366
526,2021-06-23 23:49:00,17287,17287,17286,17287,33378
527,2021-06-23 23:50:00,17286,17288,17286,17288,33414
528,2021-06-23 23:51:00,17288,17288,17285,17285,33434
529,2021-06-23 23:52:00,17285,17287,17284,17286,33482
530,2021-06-23 23:53:00,17287,17287,17285,17285,33490
531,2021-06-23 23:54:00,17286,17289,17286,17288,33506
532,2021-06-23 23:55:00,17289,17289,17288,17289,33520
533,2021-06-23 23:56:00,17288,17288,17286,17287,33534
534,2021-06-23 23:57:00,17286,17286,17285,17285,33534
535,2021-06-23 23:58:00,17285,17286,17285,17286,33552
536,2021-06-23 23:59:00,17285,17287,17285,17287,33558
537,2021-06-24 00:00:00,17286,17286,17285,17286,33580
538,2021-06-24 00:01:00,17285,17285,17284,17284,33590
539,2021-06-24 00:02:00,17284,17284,17282,17283,33636
540,2021-06-24 00:03:00,17284,17285,17283,17285,33664
541,2021-06-24 00:04:00,17285,17288,17285,17288,33690
542,2021-06-24 00:05:00,17288,17289,17287,17287,33712
543,2021-06-24 00:06:00,17287,17291,17287,17291,33794
544,2021-06-24 00:07:00,17291,17293,17290,17291,33922
545,2021-06-24 00:08:00,17292,17292,17291,17291,33934
546,2021-06-24 00:09:00,17291,17292,17290,17290,33972
547,2021-06-24 00:10:00,17290,17290,17290,17290,33996
548,2021-06-24 00:11:00,17290,17290,17288,17288,34042
549,2021-06-24 00:12:00,17287,17288,17286,17287,34044
550,2021-06-24 00:13:00,17287,17288,17287,17287,34076
551,2021-06-24 00:14:00,17286,17287,17286,17287,34086
552,2021-06-24 00:15:00,17286,17287,17285,17286,34104
553,2021-06-24 00:16:00,17286,17288,17286,17286,34128
554,2021-06-24 00:17:00,17286,17286,17285,17285,34152
555,2021-06-24 00:18:00,17284,17284,17280,17282,34216
556,2021-06-24 00:19:00,17281,17282,17281,17282,34240
557,2021-06-24 00:20:00,17282,17283,17281,17283,34264
558,2021-06-24 00:21:00,17283,17283,17281,17281,34280
559,2021-06-24 00:22:00,17281,17283,17281,17283,34296
560,2021-06-24 00:23:00,17283,17284,17281,17281,34320
561,2021-06-24 00:24:00,17281,17281,17278,17278,34400
562,2021-06-24 00:25:00,17278,17280,17277,17280,34430
563,2021-06-24 00:26:00,17280,17280,17279,17280,34450
564,2021-06-24 00:27:00,17281,17282,17281,17281,34476
565,2021-06-24 00:28:00,17281,17282,17281,17281,34498
566,2021-06-24 00:29:00,17282,17282,17281,17281,34504
567,2021-06-24 00:30:00,17281,17281,17276,17276,34610
568,2021-06-24 00:31:00,17276,17276,17274,17276,34678
569,2021-06-24 00:32:00,17275,17278,17275,17277,34698
570,2021-06-24 00:33:00,17277,17279,17276,17279,34714
571,2021-06-24 00:34:00,17278,17279,17277,17278,34726
572,2021-06-24 00:35:00,17279,17279,17276,17276,34748
573,2021-06-24 00:36:00,17277,17278,17276,17277,34752
574,2021-06-24 00:37:00,17276,17276,17265,17266,35228
575,2021-06-24 00:38:00,17266,17266,17260,17261,35558
576,2021-06-24 00:39:00,17260,17260,17252,17255,35930
577,2021-06-24 00:40:00,17255,17259,17251,17259,36106
578,2021-06-24 00:41:00,17258,17263,17257,17262,36150
579,2021-06-24 00:42:00,17262,17264,17260,17264,36204
580,2021-06-24 00:43:00,17265,17268,17265,17268,36328
581,2021-06-24 00:44:00,17267,17268,17266,17267,36360
582,2021-06-24 00:45:00,17267,17269,17264,17268,36452
583,2021-06-24 00:46:00,17268,17268,17264,17265,36468
584,2021-06-24 00:47:00,17264,17266,17263,17265,36492
585,2021-06-24 00:48:00,17267,17267,17264,17264,36512
586,2021-06-24 00:49:00,17263,17269,17263,17269,36560
587,2021-06-24 00:50:00,17269,17271,17269,17269,36600
588,2021-06-24 00:51:00,17269,17270,17269,17270,36636
589,2021-06-24 00:52:00,17270,17270,17268,17268,36650
590,2021-06-24 00:53:00,17267,17267,17266,17267,36660
591,2021-06-24 00:54:00,17268,17269,17267,17267,36666
592,2021-06-24 00:55:00,17266,17267,17265,17265,36674
593,2021-06-24 00:56:00,17264,17264,17263,17263,36676
594,2021-06-24 00:57:00,17263,17267,17263,17266,36700
595,2021-06-24 00:58:00,17267,17267,17267,17267,36702
596,2021-06-24 00:59:00,17267,17267,17267,17267,36714
597,2021-06-24 01:00:00,17268,17268,17267,17267,36742
598,2021-06-24 01:01:00,17268,17268,17265,17265,36760
599,2021-06-24 01:02:00,17264,17265,17263,17265,36770
600,2021-06-24 01:03:00,17265,17267,17265,17267,36788
601,2021-06-24 01:04:00,17268,17270,17268,17270,36812
602,2021-06-24 01:05:00,17270,17272,17270,17270,36844
603,2021-06-24 01:06:00,17271,17272,17268,17268,36866
604,2021-06-24 01:07:00,17269,17273,17269,17273,36890
605,2021-06-24 01:08:00,17273,17275,17273,17273,36944
606,2021-06-24 01:09:00,17272,17273,17272,17272,36960
607,2021-06-24 01:10:00,17273,17274,17269,17269,36996
608,2021-06-24 01:11:00,17270,17271,17269,17269,37016
609,2021-06-24 01:12:00,17270,17270,17269,17270,37054
610,2021-06-24 01:13:00,17271,17274,17271,17274,37074
611,2021-06-24 01:14:00,17272,17277,17272,17276,37126
612,2021-06-24 01:15:00,17275,17276,17273,17275,37144
613,2021-06-24 01:16:00,17275,17276,17275,17275,37162
614,2021-06-24 01:17:00,17275,17275,17274,17274,37162
615,2021-06-24 01:18:00,17275,17275,17272,17272,37174
616,2021-06-24 01:19:00,17273,17274,17273,17273,37178
617,2021-06-24 01:20:00,17272,17272,17272,17272,37188
618,2021-06-24 01:21:00,17272,17272,17271,17272,37202
619,2021-06-24 01:22:00,17272,17275,17272,17275,37230
620,2021-06-24 01:23:00,17275,17276,17275,17275,37258
621,2021-06-24 01:24:00,17276,17276,17276,17276,37270
622,2021-06-24 01:25:00,17276,17276,17274,17274,37308
623,2021-06-24 01:26:00,17274,17275,17274,17275,37318
624,2021-06-24 01:27:00,17274,17275,17274,17275,37318
625,2021-06-24 01:28:00,17274,17274,17273,17273,37316
626,2021-06-24 01:29:00,17273,17274,17273,17274,37366
627,2021-06-24 01:30:00,17274,17274,17272,17272,37376
628,2021-06-24 01:31:00,17272,17272,17271,17271,37390
629,2021-06-24 01:32:00,17271,17271,17270,17271,37394
630,2021-06-24 01:33:00,17271,17271,17270,17270,37398
631,2021-06-24 01:34:00,17270,17270,17270,17270,37400
632,2021-06-24 01:35:00,17270,17270,17270,17270,37402
633,2021-06-24 01:36:00,17270,17270,17269,17270,37420
634,2021-06-24 01:37:00,17269,17270,17269,17270,37420
635,2021-06-24 01:38:00,17270,17270,17268,17268,37430
636,2021-06-24 01:39:00,17269,17269,17265,17265,37468
637,2021-06-24 01:40:00,17266,17266,17266,17266,37472
638,2021-06-24 01:41:00,17268,17269,17268,17268,37488
639,2021-06-24 01:42:00,17267,17268,17267,17268,37504
640,2021-06-24 01:43:00,17268,17268,17266,17266,37514
641,2021-06-24 01:44:00,17266,17266,17266,17266,37518
642,2021-06-24 01:45:00,17267,17268,17266,17268,37530
643,2021-06-24 01:46:00,17269,17271,17269,17271,37544
644,2021-06-24 01:47:00,17270,17270,17270,17270,37552
645,2021-06-24 01:48:00,17269,17269,17268,17268,37558
646,2021-06-24 01:49:00,17268,17270,17268,17270,37564
647,2021-06-24 01:50:00,17269,17270,17269,17269,37570
648,2021-06-24 01:51:00,17270,17270,17269,17269,37576
649,2021-06-24 01:52:00,17270,17271,17270,17271,37590
650,2021-06-24 01:53:00,17272,17274,17272,17274,37600
651,2021-06-24 01:54:00,17273,17275,17273,17275,37642
652,2021-06-24 01:55:00,17274,17275,17274,17274,37664
653,2021-06-24 01:56:00,17274,17279,17274,17279,37730
654,2021-06-24 01:57:00,17278,17281,17278,17280,37786
655,2021-06-24 01:58:00,17279,17281,17279,17281,37798
656,2021-06-24 01:59:00,17280,17281,17280,17281,37812
657,2021-06-24 02:00:00,17281,17282,17279,17281,37860
658,2021-06-24 02:01:00,17281,17281,17277,17277,37894
659,2021-06-24 02:02:00,17276,17276,17276,17276,37912
660,2021-06-24 02:03:00,17276,17278,17276,17277,37924
661,2021-06-24 02:04:00,17277,17277,17276,17276,37924
662,2021-06-24 02:05:00,17276,17278,17276,17278,37940
663,2021-06-24 02:06:00,17278,17280,17277,17279,37962
664,2021-06-24 02:07:00,17280,17280,17279,17279,37966
665,2021-06-24 02:08:00,17278,17278,17278,17278,37968
666,2021-06-24 02:09:00,17278,17278,17278,17278,37972
667,2021-06-24 02:10:00,17277,17277,17277,17277,37972
668,2021-06-24 02:11:00,17278,17278,17278,17278,37974
669,2021-06-24 02:12:00,17278,17278,17275,17276,37988
670,2021-06-24 02:13:00,17276,17276,17276,17276,37990
671,2021-06-24 02:14:00,17275,17275,17274,17274,37990
672,2021-06-24 02:15:00,17273,17273,17269,17269,37996
673,2021-06-24 02:16:00,17269,17269,17268,17269,38038
674,2021-06-24 02:17:00,17269,17269,17268,17268,38054
675,2021-06-24 02:18:00,17268,17268,17265,17266,38088
676,2021-06-24 02:19:00,17266,17270,17266,17270,38116
677,2021-06-24 02:20:00,17270,17270,17267,17267,38118
678,2021-06-24 02:21:00,17266,17266,17265,17265,38114
679,2021-06-24 02:22:00,17268,17268,17268,17268,38116
680,2021-06-24 02:23:00,17268,17271,17268,17270,38126
681,2021-06-24 02:24:00,17270,17270,17266,17266,38128
682,2021-06-24 02:25:00,17268,17268,17268,17268,38136
683,2021-06-24 02:26:00,17270,17273,17270,17273,38164
684,2021-06-24 02:27:00,17272,17272,17271,17271,38172
685,2021-06-24 02:28:00,17271,17271,17270,17270,38176
686,2021-06-24 02:29:00,17268,17268,17268,17268,38174
687,2021-06-24 02:30:00,17267,17267,17262,17264,38250
688,2021-06-24 02:31:00,17264,17265,17264,17265,38256
689,2021-06-24 02:32:00,17266,17268,17266,17268,38266
690,2021-06-24 02:33:00,17270,17271,17267,17267,38280
691,2021-06-24 02:34:00,17269,17269,17269,17269,38282
692,2021-06-24 02:35:00,17270,17271,17269,17269,38298
693,2021-06-24 02:36:00,17269,17270,17269,17270,38304
694,2021-06-24 02:37:00,17270,17273,17268,17268,38354
695,2021-06-24 02:38:00,17272,17272,17272,17272,38356
696,2021-06-24 02:39:00,17272,17272,17272,17272,38358
697,2021-06-24 02:40:00,17272,17272,17270,17270,38358
698,2021-06-24 02:41:00,17269,17269,17268,17268,38348
699,2021-06-24 02:42:00,17267,17267,17264,17265,38370
700,2021-06-24 02:43:00,17265,17266,17264,17266,38390
701,2021-06-24 02:44:00,17268,17268,17266,17266,38396
702,2021-06-24 02:45:00,17266,17266,17264,17264,38404
703,2021-06-24 02:46:00,17265,17268,17265,17267,38426
704,2021-06-24 02:47:00,17267,17267,17265,17265,38424
705,2021-06-24 02:48:00,17266,17266,17266,17266,38426
706,2021-06-24 02:49:00,17267,17267,17266,17266,38426
707,2021-06-24 02:50:00,17266,17266,17265,17265,38434
708,2021-06-24 02:51:00,17264,17265,17263,17265,38448
709,2021-06-24 02:52:00,17264,17264,17263,17264,38462
710,2021-06-24 02:53:00,17265,17265,17261,17261,38560
711,2021-06-24 02:54:00,17262,17263,17262,17263,38562
712,2021-06-24 02:55:00,17265,17267,17265,17266,38590
713,2021-06-24 02:56:00,17267,17270,17267,17268,38604
714,2021-06-24 02:57:00,17269,17271,17269,17271,38614
715,2021-06-24 02:58:00,17272,17272,17272,17272,38622
716,2021-06-24 02:59:00,17272,17272,17272,17272,38630
717,2021-06-24 03:00:00,17272,17272,17267,17267,38642
718,2021-06-24 03:01:00,17272,17272,17271,17271,38646
719,2021-06-24 03:02:00,17270,17270,17270,17270,38646
720,2021-06-24 03:03:00,17270,17270,17268,17268,38650
721,2021-06-24 03:04:00,17269,17269,17269,17269,38660
722,2021-06-24 03:05:00,17269,17269,17269,17269,38664
723,2021-06-24 03:06:00,17269,17269,17268,17268,38676
724,2021-06-24 03:07:00,17268,17268,17266,17266,38676
725,2021-06-24 03:08:00,17265,17265,17264,17265,38680
726,2021-06-24 03:09:00,17266,17268,17266,17267,38698
727,2021-06-24 03:10:00,17269,17270,17269,17269,38704
728,2021-06-24 03:11:00,17269,17269,17269,17269,38710
729,2021-06-24 03:12:00,17270,17272,17269,17272,38722
730,2021-06-24 03:13:00,17271,17273,17271,17272,38738
731,2021-06-24 03:14:00,17273,17273,17272,17272,38736
732,2021-06-24 03:15:00,17272,17272,17270,17270,38758
733,2021-06-24 03:16:00,17271,17271,17271,17271,38760
734,2021-06-24 03:17:00,17271,17272,17269,17270,38766
735,2021-06-24 03:19:00,17270,17272,17270,17271,38772
736,2021-06-24 03:20:00,17273,17273,17273,17273,38774
737,2021-06-24 03:22:00,17272,17274,17272,17274,38786
738,2021-06-24 03:23:00,17275,17277,17275,17277,38812
739,2021-06-24 03:24:00,17277,17279,17277,17279,38836
740,2021-06-24 03:25:00,17278,17279,17278,17279,38844
741,2021-06-24 03:26:00,17277,17279,17277,17279,38844
742,2021-06-24 03:27:00,17279,17279,17279,17279,38860
743,2021-06-24 03:28:00,17280,17284,17280,17284,39024
744,2021-06-24 03:29:00,17283,17285,17283,17285,39120
745,2021-06-24 03:30:00,17285,17285,17284,17284,39196
746,2021-06-24 03:31:00,17284,17284,17281,17281,39206
747,2021-06-24 03:32:00,17282,17283,17282,17283,39214
748,2021-06-24 03:33:00,17283,17284,17283,17284,39220
749,2021-06-24 03:34:00,17283,17285,17281,17281,39248
750,2021-06-24 03:35:00,17280,17280,17280,17280,39248
751,2021-06-24 03:36:00,17281,17281,17279,17279,39268
752,2021-06-24 03:37:00,17278,17278,17276,17278,39276
753,2021-06-24 03:38:00,17278,17278,17275,17275,39280
754,2021-06-24 03:39:00,17276,17276,17275,17276,39302
755,2021-06-24 03:40:00,17276,17277,17275,17276,39316
756,2021-06-24 03:41:00,17277,17277,17277,17277,39320
757,2021-06-24 03:42:00,17277,17277,17277,17277,39322
758,2021-06-24 03:43:00,17274,17275,17272,17275,39336
759,2021-06-24 03:44:00,17275,17276,17274,17275,39348
760,2021-06-24 03:45:00,17273,17273,17270,17272,39494
761,2021-06-24 03:46:00,17271,17271,17271,17271,39504
762,2021-06-24 03:47:00,17270,17271,17268,17271,39528
763,2021-06-24 03:48:00,17269,17269,17265,17265,39544
764,2021-06-24 03:49:00,17265,17267,17262,17266,39598
765,2021-06-24 03:50:00,17264,17264,17260,17262,39670
766,2021-06-24 03:51:00,17261,17262,17256,17262,39738
767,2021-06-24 03:52:00,17262,17266,17259,17261,39752
768,2021-06-24 03:53:00,17260,17261,17257,17259,39766
769,2021-06-24 03:54:00,17261,17261,17259,17260,39774
770,2021-06-24 03:55:00,17261,17261,17258,17259,39794
771,2021-06-24 03:56:00,17260,17262,17258,17262,39830
772,2021-06-24 03:57:00,17262,17262,17260,17260,39850
773,2021-06-24 03:58:00,17262,17263,17262,17263,39868
774,2021-06-24 03:59:00,17263,17263,17263,17263,39874
775,2021-06-24 04:00:00,17263,17263,17245,17254,40442
776,2021-06-24 04:01:00,17253,17255,17252,17254,40476
777,2021-06-24 04:02:00,17255,17256,17254,17255,40490
778,2021-06-24 04:03:00,17255,17255,17249,17251,40510
779,2021-06-24 04:04:00,17253,17253,17249,17249,40524
780,2021-06-24 04:05:00,17250,17251,17249,17250,40534
781,2021-06-24 04:06:00,17251,17253,17251,17253,40558
782,2021-06-24 04:07:00,17255,17255,17253,17255,40564
783,2021-06-24 04:08:00,17256,17256,17255,17255,40572
784,2021-06-24 04:09:00,17255,17256,17255,17256,40582
785,2021-06-24 04:10:00,17255,17255,17255,17255,40588
786,2021-06-24 04:11:00,17255,17255,17254,17254,40592
787,2021-06-24 04:12:00,17254,17254,17253,17254,40596
788,2021-06-24 04:13:00,17254,17254,17254,17254,40598
789,2021-06-24 04:14:00,17254,17254,17250,17254,40612
790,2021-06-24 04:15:00,17251,17253,17250,17250,40628
791,2021-06-24 04:16:00,17252,17252,17250,17250,40634
792,2021-06-24 04:17:00,17251,17251,17250,17251,40646
793,2021-06-24 04:18:00,17252,17252,17248,17252,40670
794,2021-06-24 04:19:00,17249,17251,17249,17251,40676
795,2021-06-24 04:20:00,17250,17251,17243,17245,40810
796,2021-06-24 04:21:00,17243,17245,17225,17241,41568
797,2021-06-24 04:22:00,17241,17243,17236,17239,41586
798,2021-06-24 04:23:00,17240,17240,17229,17235,41604
799,2021-06-24 04:24:00,17234,17234,17222,17227,41720
800,2021-06-24 04:25:00,17226,17229,17221,17226,41956
801,2021-06-24 04:26:00,17225,17230,17224,17230,42000
802,2021-06-24 04:27:00,17230,17233,17229,17232,42016
803,2021-06-24 04:28:00,17229,17233,17229,17229,42034
804,2021-06-24 04:29:00,17228,17231,17223,17228,42076
805,2021-06-24 04:30:00,17226,17229,17220,17224,42178
806,2021-06-24 04:31:00,17225,17229,17224,17229,42190
807,2021-06-24 04:32:00,17227,17227,17218,17224,42352
808,2021-06-24 04:33:00,17224,17225,17221,17221,42366
809,2021-06-24 04:34:00,17225,17226,17221,17225,42374
810,2021-06-24 04:35:00,17222,17225,17221,17223,42380
811,2021-06-24 04:36:00,17222,17225,17222,17225,42402
812,2021-06-24 04:37:00,17224,17225,17221,17222,42412
813,2021-06-24 04:38:00,17225,17226,17223,17225,42418
814,2021-06-24 04:39:00,17225,17229,17222,17226,42432
815,2021-06-24 04:40:00,17226,17238,17224,17238,42498
816,2021-06-24 04:41:00,17238,17239,17237,17237,42504
817,2021-06-24 04:42:00,17236,17236,17226,17231,42522
818,2021-06-24 04:43:00,17231,17236,17231,17236,42556
819,2021-06-24 04:44:00,17236,17236,17236,17236,42572
820,2021-06-24 04:45:00,17236,17244,17236,17243,42644
821,2021-06-24 04:46:00,17243,17246,17241,17245,42708
822,2021-06-24 04:47:00,17245,17247,17244,17246,42712
823,2021-06-24 04:48:00,17246,17247,17245,17246,42728
824,2021-06-24 04:49:00,17245,17245,17244,17245,42728
825,2021-06-24 04:50:00,17245,17245,17240,17243,42766
826,2021-06-24 04:51:00,17243,17243,17241,17241,42770
827,2021-06-24 04:52:00,17240,17245,17240,17244,42776
828,2021-06-24 04:53:00,17245,17245,17239,17240,42792
829,2021-06-24 04:54:00,17240,17244,17236,17244,42834
830,2021-06-24 04:55:00,17245,17265,17240,17251,42986
831,2021-06-24 04:56:00,17253,17253,17244,17250,42988
832,2021-06-24 04:57:00,17248,17253,17248,17251,42996
833,2021-06-24 04:58:00,17252,17254,17250,17250,43010
834,2021-06-24 04:59:00,17250,17253,17249,17252,43054
